47192279130558809671 91625978269556770 
1256897601690854470 62710387129989697 
91972380359687962697 63351849730106484 
78363481739423206724 84778048417241691 
6283105164443490656 94116255705807377 
80877705220924741716 35273689882610588 
84383142121165701670 38366658449520039 
45240711205383378530 32614478165244704 
40824320359085050431 12469184889100018 
30832846761553631310 70277656471803077 
81678311113491680197 94132601101424024 
26862007863481559040 85395951238317900 
47929732519151769255 17665949646312937 
60534049996493517198 73979391514364383 
37595069636543970784 36360752048148384 
89091991879721471442 79988966003105912 
29351231472763312077 42345819105049202 
72658925292359271990 60900039140534338 
36324910618053475731 27911530176726932 
12420921012844022937 54411491648114846 
19315327477058469597 26281741169599398 
48396332307994535787 22403688094557333 
58952909609759024951 60901291078124944 
91474287376506445707 49408776414337119 
41279884993708833766 47974614856723830 
53689384835091984281 85955797777930289 
63795769470373681899 30065567266933745 
61503526977654347065 89316609780395185 
69146544129051313978 90746315717052608 
49771316983828071520 9324197487479042 
43436633841761605108 29848152428046322 
70594256790150801230 91990735558346510 
32746780410123517809 61219364360107886 
28502984964282854632 96989926212054166 
78545219477732458286 86525594148941219 
28879822800378261315 73891245709134093 
16551985604633220381 29742443200260556 
69489522003235093328 73863069702546134 
4913680425972130278 77763357560808907 
1844842165213033529 26059618016588891 
27987865456304366220 49530818472460669 
86768540256373282090 47876317478387488 
12830295480220822205 9940212764272863 
60498030914700824108 72823535141300881 
54313296859601585190 44421233457823668 
91939873998944546611 59358282731327087 
9784768693113690395 1804662389881875 
54361877344075144662 16980722701781193 
53897500605527115489 83416830639765890 
79557908234649843206 4916543847657398 
14319625855406445562 24817035268127373 
8621678716945292192 71594342892347113 
91142876182013269399 32226464392874893 
20736755273664648983 97239462081454663 
67093663236200782970 98853533601470512 
3983636058354873356 95161515343965689 
51457221816029448440 16701655715939140 
62945774518204810309 49961355878731658 
67085862331317293617 5196002034901563 
92270602764252876044 99539373890551889 
46198766995156918602 53921652200876977 
19386451010718001454 57361047573208348 
55476041340315176494 78576851363398579 
45589387668389595466 63330609669448314 
51072241992417425051 28578154417671339 
67630491610932920482 47416492131595544 
5455238131614229198 14750199967428585 
47329014485611664182 28561331808881332 
55479492591922166101 78959938000799009 
4999065064034534053 90136595629136164 
60239392570969822432 30547801433472828 
62027685148461030666 94067401959233982 
14060459718745089408 68270336653193232 
52365536326560953913 13604558178466878 
77766786233902861495 81247967432304324 
67090522925862717105 30196415358492502 
2950763464980812766 12648164783643372 
49936296485203333420 26550842950497779 
90574270944773082466 17087308754714683 
57147975703056974566 80141825535767185 
20362298330793442325 41921192507675678 
13881727441551183606 14981039446811154 
84203340489180911027 24065200236387097 
39989971252020801380 44828633263613124 
64630609354186378844 72685513715337541 
2890589323759204763 64580787295040324 
73377116858365924588 16589943760662217 
80844945092093921831 75538804334327665 
53763218538880095879 40272080102183608 
8826529570169798299 31628077555170043 
18570868395811235831 32589734180654312 
41734815444534113526 35160599152131454 
78912413873481362256 17854564059516089 
31124236090166647720 63510659706084240 
65857774661341830877 45462968604123932 
40151347217083435314 64636333188346225 
72686136452934532619 64020918619616121 
49855517320261334724 98764254960680021 
57295286351797759313 9164530723914476 
39183808951950540745 32996674959780139 
19415723040852559584 4993452919251302 
40351371913906892246 47980962531519178 
53205256141249095106 64401695151059420 
90113684326384433399 36789357008141042 
59321499414190190584 90470246600213974 
15327723529144635030 87124791785347296 
5857105712066727566 54059808002643700 
6733420923507898216 30801838551522086 
82591931353144211899 28326001499287683 
78899502282340432989 26980659176802648 
31288786547242178585 89862217151090488 
34578881673664090839 36983000556847166 
47273100157801890692 64101263797923021 
46267459144204938524 68381517396546603 
4596145671160785280 74118817594856278 
6151333377993918611 85805093864817155 
64352247635364751826 87923172882271446 
71122668533574945222 52377898903458550 
64548001966302898175 55149024026470460 
58104280062089146049 47564266462744651 
83981855212061690657 26081431140628753 
79825738251379081751 10477459960979622 
52429442092655888851 16993376343438215 
78792459767786574443 89096841666759496 
30393836404315382241 62151637802358875 
31464481817244434965 71416706232663615 
99384225004301150602 80547598735437634 
80552870930707826137 42255530016317106 
36819642298502343972 87098881771472587 
68707129020738814244 19574049031683531 
47271365506433077463 62290429771152158 
77941973146121214433 53104077827360072 
24668825592674879005 69123819158828549 
36900556487211495150 96663391709782147 
74665981211687687920 40820351683222514 
18360430758343937876 21272246873574748 
55860574403907113007 53820164349629595 
76252503234105458909 9087632108374638 
43276732405461313091 44202514770120803 
29642935590792160892 66008543849195794 
61296874851755926562 94089607524079026 
84844405710393327870 79297015273073329 
19264217681610627997 65110744843577972 
89314238392233288912 55322500792466530 
13729761044197665834 5311212694880688 
44595294936721498269 63278867386542107 
510297087996712453 23285263867964831 
28832778005062647997 73730998798022952 
51480393299529792141 89975402554683897 
77733796091436038345 26257578674963684 
60774803984304251476 85252209911279919 
87159998314482289065 40454346287996987 
73277833918574284283 34516711132276567 
93502693829651882867 15437201712295068 
27530777977241867606 70195130342856015 
10819208751462355518 24557189334834046 
81644408822911735577 81967337511127264 
17905768416599821992 27426305376954943 
16599013485060285554 39481965778188483 
15269142816184791968 41942416003132560 
40170874922217112045 68285460738568714 
61203812987539825229 1189201786463123 
83741370870638468087 77564659518699257 
25620725683596854045 57523537789381221 
76097344909485799711 80001178319941115 
42009997127445758494 87526789432315571 
52067716949530805409 71240942307954493 
81078427342532703717 22408072114325782 
68467176567225518026 72386217947826127 
57441385169149061188 25850191307209510 
41174706304253249375 6915358700482066 
80201047616258786821 19251833374117869 
90188060651108925500 84232506334691355 
40077321519078453054 81566186321265501 
94105374730822034413 80428156298334595 
89076514731551019778 5127794282795406 
69820765048970470064 20679905263420724 
50952893005847276464 86481622476823905 
50325289499948125758 7650519287270375 
57687554336299246616 95233012008847687 
67930920548623399590 37913813082564338 
3551294794771388425 14540538226173881 
94108995117775224304 89455485913236364 
83998708272774090184 82406441309263277 
32634550862052563992 34844090983230458 
22313629237408921938 84395476849444169 
77470138367667630667 71311615223096371 
76851491827109544816 45789222733627122 
62747618383731479584 81418008171433227 
4411451389030892063 59943091447592679 
5897929095270648700 5686607147078710 
33186197119459703153 89196252845379998 
48883948266409299981 56630440950874782 
28216324641330499001 15502319280467589 
21746330035376524647 72522306571055419 
38258452689489752046 40386627983932235 
57626318911961121121 22274953851606407 
51851461207511746939 53011950320676372 
71004419819895118072 25509963962290334 
23595839532667874318 33819809334975341 
3219246364001367633 15876745991571060 
55223674196061929282 26259872202477571 
61218476361898746374 28620805005559063 
5187958757153043759 24160658035643132 
89316624924763404832 11995490883800341 
78749575473323976756 6909183865265646 
4907814240470594237 27442661932059874 
27642561637137203469 82075804637294804 
97458155660859254316 56280181381570977 
56940385807785778755 88790980779430817 
37662786074003160542 52469842187928994 
20461692155578305417 78047975217026244 
84396967695511224921 57775674960489831 
89260786393368254247 34779970425743688 
37428973534862276575 18711324681922040 
94932509366444390389 41288381101432004 
4758261979258867038 11215223910551954 
71888139059630299093 60053859800823993 
52367570906361048008 35194334712183865 
10520828749783048313 14587020552481523 
49880350380668039728 97162210585733171 
21258759442387654840 43630020046847871 
16217717480876577472 43099966416143086 
15056564931000653475 44395557845187266 
38951031980833820373 19897597310016358 
48299479880382610869 4204979250177655 
20551647962071181613 30570058512589577 
66154271363044312893 89146024499879555 
58697272187013018954 92357850220155108 
30265193145976647792 22061745749313521 
54947706548163125900 94831465790153388 
55764580774934416558 63386811918009990 
98299682255730018845 17194390455676484 
24885276942773530121 7134111479387716 
99427121026968377457 1358283487803999 
15537463026438834534 67596529901525545 
52062175148799326878 41400979196381076 
92826971276093038314 73363021855036360 
47359624619618211343 76122151893723829 
92051292128698299837 69884650790103452 
69224018303871510778 71244206343994473 
89271443317391980041 74104707476075758 
18588215146439659467 14108220063029615 
84444318511682493769 56994001903175422 
64355997094365788785 86157445636821312 
30908514612447533958 54363643199099827 
29165522146718667762 54837019508011446 
67250334506551146812 72288757313840274 
43108729277609354145 35261742591725783 
60037041068790983650 26204203733795055 
92812862527554143249 27392296148868407 
54765265773662687036 50723897912328813 
33580022977683446859 21917623848293344 
36152543592295824203 70677055656551716 
91995233927277456249 85114600081240943 
30556844489949693488 4532497359074222 
56481763431849755213 83176193658175903 
262808757707938121 61758007694357235 
80746728224814113558 72112314039967084 
35629381871023575655 38828963283587380 
85105007780750741348 54106527262446653 
34966380373851651070 58272630304349234 
33460283917356683953 59485716209317929 
11772920437937267901 39591355538766918 
38594185856736761917 526455809964419 
74774983401942720944 46367752551420597 
525348331890141261 74598843013695812 
7807649222204750812 32657332822753044 
74264823587353569385 12525702046767279 
43131808283885659714 23508996687756891 
73386578547880958547 27099172432041895 
58284815325029684969 74646496918783836 
40027197853938238896 65466803838492183 
18165125314963312494 51242609581299420 
34006091682832303502 43827353046643338 
47606571417394350339 39182697522966886 
64625225559362053842 36165220567307206 
18505528730514636941 4931977722088385 
25442153769588140170 23508318855821284 
49045743658130244942 74504597947548593 
94761447222880334020 47276189787364793 
92000059490463231344 42002831854038506 
28054938933266371476 21053392915320100 
12852277849732153885 41668722830027847 
45772716492184283795 68511483347814668 
62810117716733481133 16183941796860563 
66892875257158978507 22253494219220477 
34370151803661835697 88345648942582958 
11566227689207975382 86791533912689259 
10264590820173734888 55625153611821979 
75463704171196808908 86713228368189734 
73254509538327758999 32987120621060394 
99495896717260587292 42052378388999024 
92628723000762874924 55976607782599046 
17390335629245512440 29618359416138138 
65082326699403981578 67608619324990841 
30573399655823357002 16898229461753708 
23133095767765155602 56213470478939013 
30852841684464270917 20571179773206269 
79805480682058912667 99344409623878662 
31796438819885347041 82587089273581373 
38872245581158941791 12056208518327149 
79718903166916074325 76743825514125095 
42169652607003337365 12289202502754151 
78023662330987067001 35959288428711006 
28534578126756421280 59962326103750405 
83933755788389142004 92016065699693096 
74881861332208520742 10643696631394563 
92890473618021176566 91636178958103505 
85576678430415505240 13091678696229146 
5250248725243193569 84425893494261871 
93156970823435430182 45473860722093218 
16660279478418966167 81085140656672604 
51904418337441292710 91499605011081714 
41290768779446642615 42846066514647856 
88162946120955907458 51747648828783011 
2220351513633435450 54529042222067086 
97015444458922624634 19447104156491358 
40485657996112510560 72898899864903211 
179480105738837633 89921310971128679 
28933644205930361974 47695496405306060 
25999311436820383090 73680144699506712 
95545169736679483698 27650100670943269 
32087994160365991218 69187759456856434 
53097023962426215729 85976092280269622 
68484987776425669119 15728772853754605 
87357521135094640154 15048135581725207 
95745304822893708182 97629628169032304 
98846916980473497980 73133994173516416 
6623932241907739773 12088888765671639 
68147639977688728493 99598415425753100 
72661823609376442167 48722020101489471 
97202202534817878932 67817902115845097 
73790163708866955151 38614736636977258 
61113472546315790061 78902639632053836 
7978419706313327363 58801877512353763 
21001681983263419846 23018486855403168 
94343034550667933196 50922962277785379 
86993493032715218705 67457885534339057 
81918266485100208562 20789884840667944 
49083419206410379437 31672047677038914 
41553261648846837525 86253115531957487 
98691897781892245664 67952285083612249 
58009990959174582773 6130285603231944 
33003582868592760308 32341198384049535 
41192397700110146978 38171737258317757 
88099771942842222260 9648106469950371 
82591919721414128240 99534928777809469 
86950804415885657948 40049035594158145 
59824655099911423323 86149018746731109 
21997683840852677877 25269777967485288 
65771467992067733822 71888159136745759 
79827847043049238305 78821768232795111 
4223497798649286962 43200521045657757 
24249808134934454189 37993757048016036 
49319164555627890188 11362416968830355 
13801927823940864478 90495305812893480 
40233098284029349029 71340438246414676 
75801193812753527816 13627188768321356 
56507779941321329807 19968110176584571 
3045660387332044707 64827157737025892 
85660762773849106340 66818416808699594 
98878610854562598288 55272442940794791 
57795039183957058292 89773329666903414 
45931819387391244012 9334347538752897 
80078501100870453237 66599549190666208 
13648976840823757479 70212200692237845 
45345764591300726263 92383992877840719 
8091849628180441515 26521091060827815 
76504736330217067361 71771895069754485 
78474857914753738774 32910299715927636 
41808697817087365794 56794864357337767 
60880270108589950769 21513897517673760 
21609560877148915335 86674271595645587 
15251348151941470718 89712476596288391 
75432795172651253960 39041444872644436 
33608832511586902322 33815984770243796 
64973174441726614666 57805420817975475 
99484319538670392337 49220937047687856 
94150540408737273030 50944828292191532 
35838466391993874713 31521366392947161 
11154913740302768076 50650697073772858 
14999029533026946408 99617738495441447 
81340040398575213882 55380432787582074 
81456784855062489904 51791846364665561 
12414891386558126878 75646146891224179 
62338351086659876873 92041682556895888 
5533826712761842903 73912323518872998 
48632694759136361432 62184821957498164 
71204971147157854156 1400856213610217 
47718982917270342683 7656522863052550 
72509684554814915920 93496380445879693 
38949968797838556926 48661528976159924 
82316683643074455252 7140596412084441 
11038958952575989050 98738874802507857 
52876736718584619977 84989523533806609 
61998779227571304264 96686114915375565 
47256708544791466850 36116462049590820 
36958086200584031223 58020702907293587 
16359438719332909010 68881861522952695 
84915919511964268060 5306627418743445 
9755844699525762388 15873647965590004 
1660474109108039731 91016892627114922 
90552495532086637392 14892745983304659 
92082105367035274267 41722552673652893 
36562664882742181237 72397069121678474 
582099223038269211 89714413246583340 
67082439190358279961 88153134932400038 
74699584146230146057 19982915056356742 
42133961738425207355 12672446279265107 
42454237936160072291 1227509394317350 
77534544334688701796 60885978059970131 
64643127784324851887 20988673949580843 
16634026309028503998 98156465797933902 
19763790159101669803 62247101896596582 
87286977511723029754 69251898866852434 
40262699548737135439 75671337131060769 
41695068365679279672 11425480482757890 
90348194849036125416 61872697893830787 
72953881384900263684 85140668828011541 
48630234584151913124 92553455093793029 
27833222679066918479 99154430839894674 
71012681394013746366 75803352523290200 
16232977510161483177 41396318805290909 
86269105957900325227 52036416455034265 
71457974743560855130 95873034694782670 
93506887224177971807 50617236451682149 
97252989819965813606 18739970652208926 
72242927227144306729 3235545055504010 
23805210665176327672 31714516147442411 
1433877858410198611 61823366220928421 
67376698668098107413 21222576194402615 
52409541535803727588 18165380653919951 
84152606460473889938 85058426389713638 
38296374740720155213 55398850616842913 
77252975516298418815 57469384969316806 
48874094732855261571 99115430037694758 
24861008952621937005 92256548362489732 
24584165471134686521 39851572891583897 
9108921907940391853 2281299061753625 
55925668967605261849 61543296331082611 
28886031667573638263 61562062959497486 
89713838850053058469 68452082177854851 
19495330843030614189 39897584850722533 
79384782536425997398 42768096815368903 
9220758213386057879 73957441808996304 
19690052435833349846 50271561046281831 
84069890830659349645 54055382639879378 
31527938651809310837 43641857657620116 
11047822101329993118 18255493410251730 
79920337284366463303 62735369775275145 
53417135433322623564 96644936590245054 
79359630177626389043 78859254531539323 
86213709179358487244 36572236380355857 
54379594726894212676 84659477138318826 
26020477791872622687 62025693909371525 
77955671639908891088 25062774554273895 
26071591259123478278 42396111021510711 
6993508307278919135 35938978125130414 
12236775501535666182 47233216414843215 
79411506666213231128 67859984541417745 
74431462664372172019 56655584835287668 
3358304471678737043 69053750666612679 
43878175112322618556 39969174110926496 
79825669060037960337 10472370248819260 
1552934187235295293 94689240263463488 
22177907246704318719 14381317548168680 
97850613664124265653 55135452914048550 
88023913879601728333 92527627482245530 
28684109295136852368 89598836935241369 
82330041284424689637 6302427436845624 
36819895495134514223 91673441500286680 
46491358938201206356 23593669651586010 
32598529382745358740 77810434294036660 
8746214346261037472 19170709626338957 
88386930033219574907 59179779847017459 
57972227524079242279 62942808639572164 
4998561124969760242 26311816910898536 
45821262143844749231 79384728760394707 
60892899753918572218 67526908314776079 
16672475191110028971 64779866925038848 
55085977444696224066 12335456699633966 
46463058903777609967 47143378448405732 
51321089492122227939 62561336511728485 
82331804709793589540 19213746505817359 
29715986128111087780 16077984185480325 
18809807352127266499 47927423543295567 
30384564878458880659 68181219320774400 
84384184688330770233 87546485701223091 
17549805061453833353 50722847193417576 
84286795562257290786 50911315866266370 
71745657929906942369 67434658385479746 
75975301795184504286 83852351283927807 
272185636191417736 15834883095765270 
35935108157491380456 66009820920019010 
32144029698075708620 65150663713580268 
16576220545072455056 63141550835329558 
83331002166064630134 41163762672798980 
31396771557283987065 73226799068596301 
3617618583133838608 44429760645734144 
