49 39 
27 14 
37 71 
70 81 
55 42 
16 48 
73 99 
59 83 
23 98 
75 15 
34 74 
70 89 
44 92 
78 47 
50 36 
13 26 
25 51 
88 86 
16 70 
26 29 
40 11 
19 65 
17 92 
73 80 
85 73 
11 73 
52 95 
45 38 
58 87 
48 22 
35 58 
22 45 
49 30 
73 96 
13 82 
57 37 
34 66 
96 11 
77 91 
14 59 
24 31 
62 46 
34 18 
93 49 
83 16 
49 88 
73 35 
56 94 
67 42 
99 29 
18 97 
99 91 
17 15 
24 100 
67 16 
26 78 
35 76 
72 49 
18 99 
61 16 
26 79 
21 45 
21 29 
48 89 
61 72 
50 28 
65 92 
59 38 
58 80 
76 97 
43 26 
84 11 
28 26 
68 74 
92 95 
49 55 
25 26 
46 19 
97 62 
31 26 
43 50 
85 58 
50 98 
79 33 
79 10 
68 21 
82 97 
57 77 
79 41 
61 56 
90 50 
80 60 
26 14 
73 61 
77 71 
100 68 
61 26 
34 53 
18 57 
49 48 
27 54 
20 45 
81 88 
42 53 
46 94 
84 13 
81 77 
57 88 
25 82 
40 92 
23 58 
12 32 
60 71 
91 64 
22 58 
30 32 
31 44 
61 60 
38 71 
98 45 
25 79 
100 62 
19 29 
35 51 
91 45 
19 51 
68 16 
34 47 
13 46 
22 84 
49 35 
39 32 
14 93 
86 85 
74 85 
35 67 
90 91 
74 16 
50 22 
11 57 
34 30 
39 47 
74 90 
94 26 
28 59 
83 27 
94 41 
44 12 
16 31 
42 57 
93 90 
13 61 
12 15 
23 42 
56 84 
42 73 
28 99 
59 33 
18 63 
37 89 
100 75 
32 51 
95 79 
20 42 
62 94 
67 59 
66 75 
100 71 
74 15 
11 83 
41 21 
71 48 
72 41 
73 18 
10 54 
58 61 
62 25 
45 54 
80 78 
63 39 
59 84 
59 48 
80 91 
21 14 
99 65 
87 51 
19 74 
61 10 
44 70 
24 98 
40 66 
87 36 
64 52 
40 52 
16 92 
97 79 
12 37 
28 54 
73 74 
65 24 
74 63 
49 30 
63 84 
97 47 
68 37 
88 15 
25 81 
55 99 
16 37 
74 43 
68 16 
50 62 
89 91 
56 85 
86 39 
74 11 
97 53 
66 10 
77 44 
75 80 
12 37 
74 36 
90 10 
71 85 
95 86 
63 72 
58 79 
60 81 
48 12 
91 89 
71 40 
100 28 
88 24 
89 19 
65 46 
58 34 
87 39 
11 71 
17 95 
82 38 
25 91 
72 21 
69 26 
38 63 
46 66 
70 63 
33 27 
27 76 
62 77 
13 95 
47 83 
90 84 
81 80 
95 88 
14 47 
61 33 
35 34 
81 42 
52 66 
57 87 
54 83 
46 20 
96 10 
37 88 
70 28 
66 34 
42 69 
60 18 
44 11 
99 47 
52 51 
32 24 
81 69 
61 49 
28 52 
86 97 
96 92 
12 99 
68 49 
42 74 
42 77 
96 99 
50 36 
48 21 
52 87 
95 24 
15 19 
60 26 
47 83 
71 30 
42 90 
23 84 
98 90 
54 100 
90 65 
86 43 
71 91 
62 28 
83 50 
90 70 
76 70 
95 41 
72 25 
98 90 
50 14 
81 58 
24 81 
30 61 
13 87 
35 29 
24 76 
48 34 
63 25 
20 36 
32 78 
26 14 
95 48 
97 97 
75 18 
65 68 
74 90 
15 56 
48 34 
78 59 
20 94 
48 71 
72 92 
31 12 
96 37 
17 44 
68 76 
91 14 
59 86 
95 63 
28 21 
91 15 
76 67 
86 91 
52 89 
87 74 
96 45 
89 90 
72 24 
50 98 
52 16 
25 88 
71 64 
15 81 
29 65 
91 40 
35 78 
13 41 
70 32 
50 17 
82 50 
49 99 
83 82 
38 18 
12 60 
43 86 
95 95 
18 71 
71 50 
59 94 
86 67 
32 30 
33 56 
83 76 
72 80 
59 68 
53 94 
99 59 
78 25 
47 27 
72 99 
64 15 
69 46 
27 23 
43 54 
35 13 
78 29 
32 32 
35 64 
67 68 
98 62 
51 98 
98 61 
48 33 
84 70 
61 52 
91 33 
53 45 
72 77 
97 55 
65 41 
23 99 
49 32 
45 67 
69 68 
23 23 
64 81 
72 76 
69 92 
80 78 
83 60 
73 16 
17 20 
14 11 
79 17 
52 89 
89 66 
47 59 
12 20 
39 35 
14 38 
39 69 
86 77 
43 51 
43 86 
62 88 
79 98 
87 30 
39 32 
56 19 
10 49 
76 79 
16 41 
82 61 
40 15 
98 45 
56 28 
51 87 
57 29 
67 52 
73 63 
68 16 
24 92 
37 21 
76 34 
90 22 
62 36 
21 72 
25 51 
11 79 
93 44 
27 26 
90 37 
57 68 
17 55 
61 76 
64 17 
50 11 
53 28 
90 26 
55 13 
12 84 
75 18 
36 78 
91 20 
67 83 
66 51 
63 20 
32 22 
61 83 
51 61 
52 28 
62 84 
52 35 
10 39 
95 68 
58 42 
85 85 
43 74 
63 92 
97 10 
23 49 
72 48 
33 94 
79 30 
71 84 
52 68 
94 73 
57 41 
12 48 
52 65 
39 98 
80 98 
20 29 
83 36 
98 75 
17 82 
93 23 
84 63 
48 28 
23 48 
49 95 
100 96 
31 74 
22 88 
42 92 
