33093229726421211719 72478878766684251 
50455137924514678632 86300035554245836 
50605677282928194822 7809757819266897 
37695683375273158134 70925340797882072 
97869802541368401519 41725959990740181 
96310336036021930911 15670496840203361 
6684516079784432506 25608009122818665 
29629189114188649864 15156394278046994 
44577811654631127167 92227637736966389 
63934442618815417110 65507523646169990 
82863034543781330170 39738430237209964 
81594475699186147743 12575249906162872 
43017208385849792339 94597594143317679 
12842839325227673476 39222108752718093 
80566549947008451472 56901042169078981 
98879117865001048112 35200916247633746 
30508824269871498787 10861305164024947 
59860842335550421342 58572031206704203 
13767429297038503901 61373890190537641 
59194077661847481140 550862899693356 
78493444015849967741 88198418571649267 
64320908681272727394 16058204567706147 
45509257758496948526 46545391335272067 
76519773657789801706 76159049793033988 
82171133463974178116 97025073330201723 
29809894477711122139 48581669392458675 
64315623511147015513 66206040985904240 
26148188700007540519 49726594329526111 
6703761173226748696 91841342003825838 
45541438318465509599 9151788076916789 
95765870528370960063 61025807146632458 
1932088491808517891 48802241526423587 
16112914430494949255 66999794170971166 
26200408585977697779 43281795795072314 
45330268411790663335 63614439298416444 
87486905328527225223 19305233251326391 
42499658561816457873 93467115390931414 
78245030765541928262 94542800711728616 
72400080408585274802 37427996629889115 
31611427986034972555 63315628912411603 
40764891266723860203 87924367337761078 
79441925694171049717 61509661881971169 
62637156985987611919 41053547608615094 
46844159077339271411 56705102230324929 
81714557295458134321 5446438437896506 
49924135745913828491 6871469962896698 
97439536612634624690 77850121764835983 
12514888198100251043 74494690543201031 
34662538264730129068 24189498506197008 
90789520227142102337 94874442195771478 
15734720584763339628 16642753565746257 
53663332816614766281 44137092510103839 
33156320031303109887 72881377684937678 
19969453128513912084 32350373206412669 
50597352701234412040 50758226149228848 
41059346681114444804 61443912484711289 
24444829472383386202 1075383648019193 
69742432169533182432 13844083151550448 
24891352851896462850 99581882295058932 
70744391647431909140 99521640667069985 
12342099790182646791 23400773669742935 
41740312223679967350 91348103170487471 
12353704534788447058 61134653829923362 
75906875547211877248 8143753423421079 
19212045892692669817 58053702355698966 
84015248264113041936 9184890704668431 
74315034101861531066 6323308296773098 
41952716272786202554 42909890091316214 
93441656333109758887 58255819608017996 
51001484447777484772 29555934164107662 
94646328222229535687 52447491960584961 
55534440891789236871 2185881130441775 
40331134301881702906 66975071587514609 
24984384703141361430 20629924054499869 
19774851950247937086 78218772119823966 
31813973404788798328 35906173466026660 
14156282006818815617 39883326033903731 
49978608826057462464 28395513483854035 
69305111116580951211 11412539917985575 
1364929513975314715 3466273883729304 
20999006296843353798 41771641627151439 
94921334129728668246 8687565145764694 
64248484078139100238 88135177567712258 
85980400591801720911 52739091452172508 
96128440770740072438 56804008890394201 
94472122446341647811 33701210942278228 
35447149924041312577 75480435195032546 
61150753000332343307 73150630592457041 
96289033266816090171 44090127251761153 
13269600252092819812 18243139968266380 
36703306970955032627 29740714754170741 
53543344347189686064 47295221082587090 
57430447415649903616 63342924344402222 
84441818993821391869 18399407941819840 
21109621027483656254 12624601644985016 
15291101449001430910 66109117028431017 
87361104181521745319 94364404240888109 
57337086468287377699 16559939483162775 
16444862043071540630 32409404375321223 
90100432798458637252 62169129109750852 
98536386160939763998 44288796851543157 
68321249871215022848 95319444755171351 
45262935786008185868 10250928441343251 
46849487932379984921 59853755962452657 
33977090655573490573 57305560223567114 
44020458851730242375 17994098431877226 
70217036922392420627 86267746675919937 
88020235621537516265 65115178583935481 
80815729856468210551 65569758388098354 
92303672277298253436 92340350803425597 
93727169632052660109 66313972627549739 
17136832120482093425 10967815219665271 
97780399746906681286 95719980251200209 
86365741627507813713 60550685405679734 
84914152380526667783 69890823164589601 
94781850095117571122 60669494219170524 
17902715600477111108 72012256302785178 
12500191346659775080 89424259316918398 
6101095810618304352 42689375210489428 
17974233804685755619 34336387013863679 
24613711095918899509 78896958117246108 
99546567946245195897 69975861056335601 
68647584851093022126 31714814091004529 
55342156174844716226 51946321892707578 
3382418968852100248 58175539629237573 
70209634663648977987 4691381268481770 
87904577383601951940 8938311118362157 
9228609768956495380 71467557054892794 
45932465526334446414 56078427225205147 
38839395946991489514 70570267971132950 
52459189900798988223 34107149006936186 
36130665966159996410 57352342277605785 
63484608147296814050 13158867955509550 
4852426073725048502 53319156346412587 
23994540130255697951 67501671987764593 
68540539540777972090 20378476354877942 
27541890877400153069 81479174707764370 
57947506257697058910 23142534582339192 
38570653645996274256 29412955675894890 
92657536324380262500 3623400565415465 
32193480660792095618 81688105798398453 
10518690415756814637 23639305029998021 
34028815935923094162 32133040378592423 
47811217341445743642 48683293523021144 
78306705724589822273 75418744680305068 
19797129467132665464 69082726126798401 
8797270099390155674 96991898698896838 
20648234220005309160 83012037402481109 
23523179104010695106 69159181470748247 
1271126707479283718 72332883243803464 
35965945664183781617 7241920194818610 
94634935665047075759 82006868341935943 
84125507427685623832 84378585075530082 
16878864060470425821 3772702524865228 
78941959323126073775 17612188495542098 
10437309038166993700 90468808137109601 
59422486210561866434 81976157766545076 
28891955933491270216 65055307769616385 
52729955715126323444 41251985856288830 
93798900910164927871 28534162558210747 
67589897801200121778 3974028814608934 
64920817095849703074 51403222549269911 
32406481839436433966 70621574655724294 
40407787674315554198 13010099189837517 
34786376231893841368 26357756478192176 
6877618855554645375 16817221336145009 
99447292559443640820 63019126133122685 
95137641004721822104 50263214774090881 
74204276139365458195 95365883742496555 
72878096858346525715 59722453162722202 
24764363833402207271 19680107350762283 
61853521526166243268 99187242397281019 
43850073095766188078 75215035625265222 
39662604710041382565 14127869545433006 
83519416391084874442 54448919780411146 
90626824970013499654 48221471107138993 
30261907378429110618 12986018278895767 
88625673067473122585 76689931854139438 
67331021862336557410 83224103747119729 
11891232750279507354 48595172104925450 
3554088492537741135 22480582653917211 
75585735925359044937 88183080851205059 
93177799757553939364 72318020550457168 
65592880908146850520 91397487152769942 
45826188639388012374 8574703992961517 
67994774670564283228 84323741725158118 
16998718497419291306 74731704103215933 
13726066855478943819 88813051587895285 
97134953696576427659 25163705353047104 
8826852303122240400 43386891050632020 
45085653363462370151 2902583700933122 
25531730947937664785 61077145536667105 
36968341807309323733 9513479168208908 
12456294503070546854 7893025592362452 
53579548129752209876 16180765116690850 
88313025665982237811 54727751520047098 
16252666755936709003 40560705601502268 
52361650289287946649 4762289870271848 
71733909122463044682 26441725665764137 
96225741787047636734 98880018758216714 
26842889757578907274 96087821358425778 
4879591059777774133 85468432016975961 
22562233852225174103 60196800834681595 
19118471838160655504 37798941666740201 
75157536049406584904 49195800087498135 
11599651571703407026 70256430200997994 
54568095400530793990 13986353545275402 
13622971180504836386 62531491549063516 
76494190384614710547 55303277221045256 
49605014395621287079 43387519293504315 
17790140479055408270 42912291967213595 
71412625533745029172 69843019272317991 
62870518537047884811 39773373595314946 
84378089296406235085 57235333637070381 
59687932718067987801 94929492958983768 
38598020249475127447 93101642585901991 
69712692095527683328 54179828230794750 
66058523072653273952 68698189763396010 
39922439333992384654 51016524072368591 
682372751823824279 63127191708604390 
55161989480805558882 29525147890984951 
54136300430966965004 75053951399153902 
55832520394948254973 48609727316764170 
60692587364709503260 29116566401595185 
87522138957984734102 1894452568596875 
95715428892919677971 99290451767110345 
66752194719127595822 2084487827485213 
10140447979583774964 55627405349821851 
54168547652781568543 41410069905384207 
32064764351051392386 5304387810453609 
46273291070454910133 62290706147831223 
99517505696412687306 47222790701792665 
91594421968380454180 98804921882549751 
67387390752960847041 48266682114712510 
21070641909071748835 75392439198103592 
87976433969241263125 20302453930163233 
35578870116906967997 48243428115837268 
35606239549218941240 99286139720694532 
37448085050449293224 37741698863276136 
66310365260278958078 32280831165376841 
32062639172870573635 30189970192820970 
23488408013392826118 71042177348548816 
23324060093713816437 6403996419019327 
28072037370261452179 89495157909772952 
64248546519226296912 34027933253405587 
96804661290387297113 71856282175821583 
1353845027475373084 83233997159885606 
38208841715461453047 26322388918904678 
16372208634487936325 89257434549909866 
16536364586336291435 22247828023797073 
66919636770938658215 60729164091812666 
80193988111446113351 18330008369678769 
89669917301246814959 12145892230967406 
97735568321362292327 44938469847506486 
58189739773295111205 52240119691747270 
60196061144467112199 31775257286967054 
18125970215733545996 39613127557552393 
55103689970349293665 22029909183762131 
77596899524782343193 47207227924375015 
69499895951731555755 79899794890754723 
54225484888819316245 75441767874386445 
65685411192770593250 81492981717123426 
39501472335861852610 70941356107075290 
79744063290400901113 88391810006296375 
14413946046297994627 75008089766826700 
69893638139341013250 28885386323879481 
34972718018894382972 34011406913908049 
74069876564262856677 78881199145953196 
5827902321010341772 81103402159190625 
53586346833778883020 83144358975478439 
73402136761773080734 8503158504948773 
81677108076439259423 60395333701804612 
419646922755792074 59106955224341859 
6918389030645417655 86389730992627417 
40636025716881205135 99148736852144317 
42653182616459635371 28883818639343201 
88825921949756944621 73286330566791165 
97140029988356580021 6515548506534283 
29369668080069872692 45325262341511137 
51484078305862965125 74532254390533155 
72701673213211989942 74749103261972789 
65989861494628741215 97360934093621383 
16442069288267124455 91775680004584751 
64478325241529156873 4010941394233879 
1645472946754574306 24117359837925688 
89223297074961959400 4448403061860232 
88969869787910947108 70600061941808112 
60744618690992763866 29107978462598459 
6254300676099964184 8920155249796458 
28898566760119327898 24009801022832727 
63223733987594391733 4664237546742231 
12035804509572958605 77498480275123825 
973082036527102365 22648841427337501 
22588636248882254233 95364396895393131 
80597508758893940071 28182985456866724 
51540052519753147334 6057031282614136 
24438398398855448166 32961370443889043 
48050110130696453909 3411485731913981 
55023718666165092522 38264344701534769 
17315624035005350701 54571873205009573 
89363611219813730614 46440518800417784 
480896496573879320 51434402750546723 
4446565168177823532 13622669812378956 
85442412805621113792 28749324012837878 
38961420153029150608 93061855158091381 
26726920526327661133 13516402299707164 
74549602182774170111 10328853278783653 
54294791070870856609 50021248837302054 
66392658944359290873 47637756678407912 
33690364923680825327 50685081089276499 
73307388556420243945 33032763454728616 
64647401255016085900 25519742496415574 
58363653909436212909 58369807854474313 
15463814049971496159 86707848725405926 
95468905671913940352 85524270898430741 
42755090838302329142 67710182333673570 
6013182779589899075 5720896462676281 
29611140503322333942 86548482669253164 
18062224737411267450 29470158985035847 
64150262403592735980 47686974191447295 
88528761352564219368 86724409322987594 
25291483640458708562 27835567785799361 
74732063337874142679 4668120767519637 
36390107666556765529 81983222813229238 
90229850951942891562 96058290736852731 
77053198479373634034 98976239827320649 
54106898872511876270 51599253757804224 
18212738345093134901 53817622351752597 
42967207276906101445 41919646230000465 
50069817536985584512 63460237558166405 
53455202251044604023 21150858819676025 
92938340742365252191 22341933364707006 
11495874665049499761 68328246721227624 
29848713608334230692 52124433182116330 
96604233095311887735 79931366346947091 
13333428526657971932 52988084344875765 
53568768334789049156 23048594832440449 
32299073012694500854 19754174744609523 
9501435861385835959 36721695641570301 
64906349512543334707 71020390879499105 
690195608547423696 49082523453746359 
69752596472736103720 48291783547556658 
29406383512447798691 57473566193362591 
52806806235475207815 45406186488297504 
91233116511716942292 90502553701281041 
34688594021383868769 72920076965044376 
42168490893383279244 24623273347584091 
69340229505754439251 93032303510702112 
8551442703565691374 21777576617161865 
54333448693889086317 3028645895672149 
87062938467382851342 81429525140477410 
82606858723199783149 82510061084270776 
55594001425533409681 27179405681968991 
40292548723505286295 38168993712415723 
35549751244019260136 71415386827703606 
87663428352703643870 70565738086424334 
28462752384562134404 40002815784236223 
94379586713700689037 21471622296806907 
6219559607378690240 3231071588531506 
81147736149087276828 19923440906413555 
47615177264500066266 82962436193414682 
65112899306077851632 56493395764765370 
67343444473177596761 98564728125529011 
29653861358728799892 56124663545276184 
63519644873668054433 75274625307516710 
61220497145402774157 96727980877390899 
36618076605232371457 24117573546656382 
66072442163181505069 65383852693220564 
78784710195452531611 92083374462222221 
83570467780561780689 38167660104464756 
25148799775164540064 16990903501844510 
33662848877827405447 13128923695477435 
13704784379389963314 84717207263053551 
30519391779615259168 17276237753514692 
43672419052917750098 75030329586927938 
30271589839681478118 86394510614698500 
19294935956593320142 36828429051335830 
71538003873825760742 17191348037842108 
36418364194697889730 25254766603345049 
16815700032014747560 72734066190708123 
77788990768036141693 34972414508927838 
65248712823403217958 78026337141965550 
70641556187018670032 4819806169051000 
61812227751738011179 26693425129411268 
49748559251287108053 43197554643390494 
35478539556487773488 95173395001957466 
3985409003991773978 40269232140273154 
51419881029322700916 42366061180937283 
41147551393352400024 80563088068784978 
97072728906255379813 10987321117467772 
30867873580499428619 83806219131053106 
74983050130862206626 37544207682821019 
37396921761083721677 76151315493202419 
69735811507029425068 33756447793990546 
9254619467550330878 81784751737035764 
38226835584408068169 16438206731469453 
4992986840878495462 1972179127250213 
48937294203755186641 5996866239305518 
91785358344634300369 88629730864236634 
18577697713286763785 84956761558948171 
70362167583562049050 71474626464292544 
18014391614177338905 36984853219178001 
75243062212238827941 12603019829314786 
62971296722480942356 78959110280520556 
37895674259914490633 13320289876124954 
16612858737480750868 66491359151665351 
32806342583046941182 54704510641485234 
48588572648211028280 71031953116478483 
95604934633041153524 90586621593095734 
9544883902469146779 84559524896648456 
19048064904689199436 15176312564639023 
26397483105610627440 18037925516519283 
58826063547999979784 64666135821779423 
64023076790237756408 79112849621581050 
78705977913504689934 13048193641706556 
66824820536002375690 39227016649147476 
56802212808498701107 53316627464921147 
72930943273475583252 34832879742144102 
48159058617569855689 37685424701895768 
97413942892871004007 82587797881875346 
94968459633169914227 4546205857080770 
49379410095154538935 42085959899360297 
57178544117862211872 8469690980931727 
4982747131341417084 74572671382768382 
53907007237785677330 13996496492063240 
61094158971770504209 97244442626215385 
58537876482188895842 45780055794367114 
50243559432360687766 38009607591279145 
18848054619459684436 82617591289245030 
88711378491841303097 52935103639115088 
21054961051574164257 45733385651357153 
58734014065984373393 49854427608435514 
9698748386206511699 81600146789970742 
88968195454246128919 19012767191441751 
21778427440511398762 84406771177326860 
74127746704077760776 69471333632071672 
66510204805050595946 92124069129026553 
48110033808409990154 39467400072510048 
54299053625319179544 7160264271557342 
48123341865027464105 63270962181986829 
47193346267431013006 11075173414579151 
28972178460062137782 89921743259440597 
78345631919431672096 94553773037787254 
27113381898724031533 94872852923320842 
59883158984696225361 10242108882639687 
34619118355155156452 16552746443295012 
44765446477622075742 26862394122434931 
8461257127272189958 81451826524558768 
31051906733529958944 46876386035301040 
92974283780240000062 74270306771883038 
66755648054750844431 92073517537072790 
34089395335878155162 25602375468779550 
44019202081147460519 44198560954005500 
36892281284366511817 43257575745961667 
17685752127877769297 47200929835374987 
38466835483569865096 75485119761106797 
40070216965542119725 1440217014373223 
48420781399106908079 16169475165594071 
19521837415007678893 50090785365230544 
8368488746361777417 2243796918232206 
16541290237508784585 48805710809344413 
54511524087987965404 98043977354217263 
87255252157799270767 72074965142981660 
29192051254216240978 73466485990463672 
34081612178308326871 66754629019061194 
19825081891685862371 49170832012676094 
86412423122658957729 63781637408777440 
33967793531340799661 54029346883360854 
54266610173965322708 7791654107679488 
28963551209111531625 73151525193386439 
65862639446923442200 57191639847703969 
61098565085417431959 29091189401277995 
73130651398642774183 51102053150152068 
85632435028173182041 24805411746425462 
35895535566115197281 3629841855514000 
23189545103142681305 93416465080518446 
15642600150281862049 82980478898320010 
78483729247630024136 9567895729894290 
20710475238631898092 11761764263133031 
21207456133217493953 28046267952613970 
29700397252530348396 35376941641464109 
62553366605307402089 1994112548833379 
7321462355510439459 65659477149867804 
46566610860196669956 54970149343313951 
61182147648702475437 3532784877569818 
80492077805947922992 78067878325165281 
62836852025109821950 38109129582020306 
81492650812028440354 81563473124750703 
34976839906618301441 74079357383094422 
32374779402570556230 74086416229510321 
4590333744788605318 15027810343922454 
26013290126407556657 11473168530161770 
63100319303896643095 67605977488644530 
954942006792271906 97141038089456837 
19419026629037622009 75405467117293890 
74893153903741090658 54246152693634248 
30689567583621265227 24185049882104309 
64929512008818521591 33249750096744897 
91139508413308677585 76945515302013658 
17958051582190869565 37206898293561454 
