9269178369306696773 22887434513767230 
91046745130163413252 75647704271864727 
79219043415233537418 14951355677670429 
24939679621131549285 69656224836132939 
46177291990656200178 15528279699119469 
71246007116660521175 54806130486342774 
31190071711994806085 96729265337554847 
17003334638636842070 99813264348421642 
72352512135387908256 31750678451675900 
58907568201772384444 6827917643297847 
15557113362315559301 86021782989967111 
43818186301520465426 36067552412877363 
6171835093771729513 69486924580202723 
27105951668058024823 18938636783703475 
38599113664813731346 48287632386250849 
82488138339353276019 88646663630410512 
46348006814879042297 41259038237096655 
26113506033666479153 12867414697386825 
46533978922735809913 80745938765480243 
82094737488434340899 7896758151266791 
29947906612788065168 80379944266316428 
66330312051486263963 99944159623524705 
1087392275794821540 96296384399765494 
62286410401627524029 27455661261573870 
42878608281181726149 85027419602734770 
46726063994562097491 73346403990179125 
71517884142612403949 74928059324128768 
64933425900879753216 55283902633284955 
22233376911909090306 26182043087355457 
50432267772563385171 63434546257142989 
80923615293029289537 12431958394841802 
46578018182308390224 14630272826657298 
918616287721801431 75605004209135089 
49663605164643217900 87924698960984541 
10856783511063718812 8977369667705293 
58304228670668140849 52997861395257887 
66563781192070055406 430683984772215 
50264185185259030368 78510951770123042 
35632087715369221636 49135392118111926 
50452059620013396960 27407951020467036 
28221279473405294434 93458451468595494 
67813503314093600683 52251755607679129 
61824042736598092797 23798155533233971 
26684149055150207201 66871928155545851 
42704533640987265202 48385865952569424 
44189135661915260335 29516394767164172 
34837392461151250779 7021154786123200 
58696194256592547540 48627627764477436 
16198354225425874856 39906557144731802 
34205805081361556374 29075151654066136 
98674929664357033010 75912468035667118 
51204735972730103728 94148905991768812 
16127167169574115680 64715308433187632 
59059314806620071815 17835958407715629 
91439310334984039218 38735773904280044 
51135872230981433862 38787158374242144 
7603868047045127996 16039478955697137 
63093099692671653802 73987134714203739 
9562885949436833717 50816092018763441 
75117699083768425538 12694522936781916 
56186584430490262069 21203321572994684 
48450691666988117137 41248666523582659 
55741157372738180537 88468945159067380 
316054525138389164 12804532334823545 
47583315131125015640 85235537196566961 
32678927105078376586 1013400858131646 
12263705547617659012 51783270492098221 
21975154445929906322 70701557502163975 
82877731304087525872 4401082030211538 
92020171499871587952 45160316497849866 
18580660432445615136 2668492118065770 
15443765888879000994 61947220402793534 
56602068144867279456 44567764786933290 
64110291439673536518 38913250237551936 
38678607005282250775 43053986254366418 
99695435477111700044 6077427622254824 
49864900220157694281 53825513608341583 
97013538877478846531 35349687334087980 
1833567376760611606 95245321096770284 
72665325528160620126 43331465811046347 
76113797495520779772 78206534293373025 
22539946584852893627 1373388535658143 
83142496386702427111 42626175070554746 
92980179929395660550 918433776224919 
1499986555067617850 3552013543771073 
51189591083387342396 94549336457775625 
23189432001703184434 65176767259950387 
71473175162929844068 37422468525439626 
82848290837544108530 29221667533550038 
76539682573334062679 29341881852550655 
74031245675657158108 91528297340631119 
97736222951269871386 25872461623891209 
28828417859393100193 87891060215211550 
44402705466197611475 52957066391993550 
58837852075887831589 39192784704619940 
40252590822771979266 76368708571802525 
3609738075986476227 86523306746707421 
52827528937070952446 86993148648850314 
31800944804990524997 36595644391869935 
99820200044382007008 64903347738219893 
18359053279439715219 56087607136427126 
861528092644489331 72943422603056468 
66940227619034484322 4847488619284020 
11452625630961356910 74973521305043209 
26949723265631418079 46832302260145360 
3311799188790509970 99305452638314025 
91435921845704306740 59102095994778502 
26724145782200507977 36451805613918273 
6914755043644325511 72292915512640663 
63850590136281889755 64760751953558137 
52201759307548065902 4315762951164252 
30252673896533660614 85669793732293006 
71866452143218789501 81881791422223641 
94425268413807490265 10123238708869159 
81072530018689089283 75322614849974968 
61786541923403254984 27128983559573155 
49901212027026741707 36765032152874723 
99147144767076998451 15734814433023545 
64299101820681041849 81909741139574795 
89794674257029191730 86815281450446778 
13696581651603003121 55475835293183569 
15620811459443568689 30821926609542971 
20055649290574660408 38518389748053648 
88813774295141756121 72854852557086742 
95243037458596109603 68749006966781595 
77466410291637609062 74081979490030850 
74145453253115081565 56378653048293200 
87017063185969116648 86781088688398593 
68668542067188260515 44482833266600519 
74159094885559244992 67427469327581810 
81352181272121177268 90880735509539106 
49392890723269866603 33606373661061581 
71050082751219055437 36813297612384054 
62557111990976766942 62468203618645790 
49256007897664798212 81574287954945606 
37623558658822386566 86194889460803415 
61196442757269204695 68455643863672784 
48733340175092785652 59515329317241585 
94256448401689697032 68230890876599222 
88251619255413607237 62563411066282928 
71372561480854517970 45117350796564157 
63319722644708767018 82819476067196701 
38140076762851000149 42433325882234762 
39972793004643750658 36185625395156863 
89673013875796663302 38560358120876464 
73572431032550393936 82164493367476453 
65166264300865652096 36737860595236734 
59735008401311953805 29933102562275162 
59591891241446209893 22919968847271630 
27611766267963039565 17217895840086807 
77536952972125399604 87114165644153856 
78579366942167503360 5346044608180128 
91745752278931475214 76978964962805597 
22708897739917337231 25893645621385274 
84958571734878294897 31843253097678485 
86907016398182739824 3340301059950826 
5299395104142795893 47339842823549576 
47271227261458850539 6163338564792254 
29085490108223908558 14058823661149734 
44456230507259770723 92392320239106806 
14244481935074105913 59643022115706853 
95781735641610982833 5857937676031759 
16698464465965007518 69324415082727203 
49219036287335682233 73345521231363149 
73788577193668839273 38990848673816493 
87576599667167026115 4421556260885001 
23025781638434273153 16008815636600744 
95470690374406555765 46081948900972966 
46705205449375209502 1034072217544261 
97129971237647966456 44092928656691097 
99319029720027415728 28185120474238994 
61440040629286998521 32555556731157360 
12768703124465377678 29857105879616655 
32914726933183354601 68434854307678085 
29319242025070274399 55387993014145699 
75750335615877725918 34307380881964927 
66540471441853666186 21248327697123515 
53630285051475541650 51961441951256763 
77547182408020507003 21239460446517075 
38204669714003246736 90482090678815473 
51847765549132617126 68837433088968476 
60074851435697240182 41567463368864977 
31121319784461704331 46565394021716864 
56744531406975990111 31432086020411491 
57971612759371579337 95591793401418265 
7556992033693601961 32732151232145579 
94445766991057573360 97153652642472888 
83776658118135249125 94455653662454313 
12908055287971296156 2159155320493638 
46344619552878303763 95029072844265263 
66474281767857745312 75599535540600101 
1366246588772768712 27031368892889721 
8323813080362096175 21537380725202016 
35852496204635986368 21244069135962915 
68294698767795133936 49442036176519191 
24255963492526780819 6793758779700248 
32988814547713239720 92015669166818707 
3844857375149141639 96583566410885953 
37463988416363250212 12448802639482945 
11028812117143561592 37728209933095547 
14465778931299258329 43233869888073474 
82314603810030845918 93278591364216832 
72431182565783686389 70474753463434647 
75503306794927799720 74772218964893504 
68306858459729324286 88469149872208200 
1237699332574617569 85711043199965914 
32994165975068273934 57860573169613744 
17962192483899757831 52718079240888897 
33268013534867786221 41857532588134616 
68708631727504819608 7370636248609583 
78975438302505614107 67012100549968100 
18541739315305172221 15916685658419221 
45944055847977575900 86517322951856741 
69259329766866676068 90435223113174150 
31756589769388321532 23494362236521523 
13306474447517567863 89410254079995321 
21229451178542218268 78368862061077104 
9207939800345911762 11701323261167227 
29387896685120697215 48264415537155918 
9237463879563979578 62949268325449555 
16798848764838577862 76200154507605924 
49029226842477132158 23854684220963815 
46093303556635996477 91745538285025819 
57966663475671438030 18519953245161658 
18151951849539769888 37925588886106887 
59989449586132868579 42505265414641470 
10428711216139344330 56835120801447409 
77686524871515939465 11963220819086458 
89455177995088855419 26519617158401261 
19423809007530742854 14895494241527524 
83146685291195077184 81141278827427697 
4895547975380664977 93114680740917250 
12116036886455624693 44581381634766447 
77276700155806072219 63308383721425065 
84265512144400589943 10791659817323168 
83820817240162585396 51060966186029259 
2939887904016646469 95703310658696776 
94153204126615028749 46027593121884524 
41553943179743903248 26643749096322151 
59914613603219711379 23944551425739048 
37428391589484583330 58701426771230956 
5511175172891403802 81852219587911444 
51565239864753317881 42587586704799039 
1875289481444476449 55220101940202250 
62245846273515424959 44166498530225849 
2734744075888624691 55113888871215475 
35721685601845449268 23184580263750158 
38630228237470091663 56396846470211989 
88733219058298051505 93048152016660244 
76602022833774289041 33394898551336147 
55089493090673539850 72230373118750211 
19938387189195735390 69750744384682661 
37973585942453010372 38268857161624446 
77698533852755068474 99779968063265849 
74353358340919844563 48246274839262038 
43683752533985662081 62616776557644192 
94800516078489157932 86583196441010341 
45521627538288690001 56089934064690284 
39403554632987866709 62167937216756850 
63093150470365963651 18223107452759457 
75860169636083880652 46702399142625505 
93871184177673829125 39089157932492501 
94798522172750049712 25597694553081439 
83575947198886768902 35823467821771155 
82153620914647197145 32474301181596578 
45086481218197475814 77398822050484460 
94373349677481136976 48841911111698660 
5748060191802200265 6904561093890825 
38865314408332160269 48444514514554793 
45030685865129901629 58239395743839419 
87158824125879126435 6778163922447226 
54301935940507668269 79418092074136236 
6961824145868469797 37991379761051954 
30875068080764896362 71962158916548149 
89183043222211913064 6780013484341443 
95076436305270666015 36228263034131351 
43818261136506524580 59292343053908267 
87339889225824043941 99852097388355303 
87950636128350029656 36857335630948707 
69628130832965405601 27102229648176900 
70489496772991828462 88494829823894994 
64942474489126695574 96721070891627209 
93877920046129004562 94205364843244808 
6201013854787094801 47776175153580994 
43493544772486786209 61131899059640715 
16555668771774703051 78190780595321453 
75683342060010855882 33305768428112815 
10250014485367554132 10647668388067338 
21864828998204494813 44473034722591161 
51498575274014272017 61203342455534675 
98296751918978333964 11107335579115293 
75731510901778326894 32382918303143629 
50401161318702718116 38630596856436800 
12964711533855194311 42112653317771622 
68897887915846545856 70464719632164089 
64415875139816118687 8045557040856146 
52942479258554832848 41730785331338939 
11486736888452780929 68390285869291608 
36327315992300961868 55964098191419007 
74997314640227724928 66493383744478405 
4672199493244319022 80916501131778502 
12260002457165385977 6334979334789984 
80067826872363560864 65063043178334559 
97465342582253767906 82766209195219706 
60038136162936278348 81942016536170696 
46836998906859264494 80873866336758469 
39478471722786288904 22202582793830217 
15686656723600440903 52959741995191345 
35464776025634991021 57906302971821464 
86606297545131776624 57973836634860332 
50280907284747532684 8643973252500402 
35255484635533231120 91188677925787242 
69345467048874574996 15956151660698670 
82965855879348231402 42472519629888218 
30714805900031664975 71763685785548333 
59505784336316146093 5337988852318741 
65209631123243848101 15249130107593325 
25068931064774735868 67936834685951567 
82766256880135922493 17765987088488822 
21541823865593596949 28448569070113852 
22089170269055803196 11229683094338389 
75133644096224180739 16294959453735346 
76660072858025400927 23160892866426376 
59993826564089005827 29288562207242841 
68521605328979552107 41152309400910185 
22724516988791516909 17059915674660893 
8088563450859941025 13808003972923277 
46577420429805368042 39787431170687870 
24882520669266648860 41156886461930374 
38514215226216399203 79383978004693619 
15731050313516799027 69662187814043312 
36701895134387693429 54384724617001626 
28384436319383501582 6629212280598005 
59752726422377663578 63903907210340212 
5220131712481573719 72315173539777487 
88755278045116290224 30600998161337635 
3625447812704592976 76692446362882421 
41255773503358400915 77937677970890562 
44300034378911696937 27014921857120413 
71783357997483188396 22388508157355540 
18004315954549226856 16952762916722315 
37772513402512439944 84788161698255481 
13909685291217625620 60645939916913638 
57199063081116578895 29476511447741129 
8495584996990369544 38992852474973154 
44304608110874814980 35444450936821554 
56625508505506822039 88648907304319708 
21375875927829827514 34052334569256107 
59635098004693212850 11694070409362977 
41434860978715913082 15182959273260015 
94645527165759705469 17089378482473371 
65651089404234092324 49705319346850785 
37088395176678655166 23938395454182896 
59663433462257170550 94627657387919772 
134674580517514307 76531837579572023 
65680573194040421371 41401817896160466 
80252831297540951690 74581463708692753 
67899104322427303716 72864420643045644 
3297330419747322146 50453085708848373 
76866697832350774571 39455415128407713 
68172190160917359995 79604082513184716 
99695784265650296540 24445273827936338 
67252569103321844775 70497084586120023 
2807462657129012192 23945542534968327 
65443645515457734432 67041455158007930 
73400653073882547842 41050657953033380 
97147215970279935573 89874164064014390 
85057953756643821009 1870934029186326 
30685727453910099418 26114789461622091 
76243745455963164649 57596361139485149 
66815194141351252329 64839439120500353 
35141134508958887775 82504730755825826 
29244187544301492822 85113941141806975 
71022701546192420048 36270626947988336 
37446993942895693890 7594683919530989 
45735390603084229242 9024012227493844 
73918762608599275904 1784212918721845 
90832708455818723443 51277840803862604 
17508052634075408900 6060382099617895 
37607482829839630744 39919607251182595 
5131707716026514005 31265796679867557 
58902670090023848997 48483234114531858 
97711293275582018378 49539388323541759 
97870409592342207591 63713204152106371 
81330135036050647986 22767896815236279 
16819541571444435619 79968633488975670 
86398352049006960768 31449823508712111 
2289955911176991335 17583190009062905 
4750893443876975324 19380945765128558 
15714897496361763437 79794615207664845 
29388307420838664664 76376817621195659 
82990010384166095159 4828104246147009 
89693804106895391970 35513641189511650 
34939180529043349928 69070137689441767 
62866566732695450439 37485568670610200 
61195456107707127991 49683870742517567 
81399059660196843133 61449587603982695 
95471444007110277128 2622577038896357 
72782591115465578697 78134536425528953 
8744141642577385879 18735641192576301 
52864143003757583662 15055412471242695 
37996524695612170022 42126899492064292 
2749988750637438607 25441542906450434 
71941577843556759169 88707858067574302 
36505369694653624277 39955061733519589 
30347595134208073609 77088061363082010 
59824190805381462118 50364109257457578 
31250264297132722413 29043453797635058 
19398643351362414832 64513931743035035 
26153170330082074328 12719499230327337 
47647658942998819500 37153159397681106 
72295534089909842856 95880317755813728 
88446823886327099439 92594848760034357 
6698625049375199381 63525831105490754 
40009227314682829605 20671459513275113 
1978492954830342199 91409139256266824 
54262355693377386567 2439636755724799 
46991228635870758387 31114294460151933 
50149402492817778247 44247284376933116 
25306623831103011495 44451617260499526 
20447828723466976876 20442433462110580 
58821379137477900171 17857008758361406 
34215340098749639624 13009654696250697 
83135506167384342383 43519801566025516 
78377446945860021817 17587107995382043 
64526635519494051118 73989540018144628 
74510891338663195077 27726400658749570 
95182502335187566083 95430723540942204 
30968800598848931330 35815295368622866 
72682464853750010895 79160225899706902 
73326401426352035939 18014780492533566 
63637862497051770996 63973904308833278 
64645632187816470593 16933377990551627 
24689805966654895590 3752967993884506 
50726482701136753825 18090169357134107 
51058772985286302729 3636867578881310 
27087458205087530287 17135907079347020 
5079030380981672835 33694160618276115 
4679448128788451776 71929878256390896 
63133604536094747879 78546178512400325 
68807194434842974576 23613359497671597 
51409741005527037032 63492544304313614 
93696258952361186597 34613451203660052 
54620065247753463653 10745486071936756 
26700603600924146529 61677456137516312 
84198199232002485173 61219768435567895 
44466818884143206801 16631970834774235 
14987485809087608494 98779860008274334 
11398739920426152671 6306669900916615 
32190533407534896688 4559769860640511 
8044463708927765754 16637499539578221 
5991975545795534723 92520827245761591 
40520154568603656857 73071140428734093 
98174187655219829913 13679627846361755 
93770573775649788415 95385393680662823 
30067846715856292501 88353937253659152 
66479395817643357716 24762514705381228 
94022206508229989275 37168400779466550 
85706048012007113415 97831982419446349 
66066121103291444224 99240494623635681 
86781091203466418148 96154396613351785 
86387925533799641703 18196352028194852 
33103415484137485999 31354802911122330 
40133211569362059002 28448975777980985 
20612475940652390884 41616761560690562 
96724680834767886345 62075821889285847 
85859204438957592263 49424812693423609 
28669140567413215713 9979107272864896 
80958789368400950135 35444364617168851 
64312669394583249315 56919333410384999 
89771600535014152592 82638404943514701 
10126705911479796351 5727426726947592 
56370950208121077260 60715508536198046 
86940929754876109654 57117636771213353 
60176061645807445169 11438788244322090 
81157659632590649483 90489188797333955 
3394025577640310578 52257545173135342 
72158140836544375607 57386586989943667 
99380901900668283692 97623860996679217 
58913187343003634314 66141007766910474 
77058289478099669168 21923583578897799 
55256937666024499303 33003359271161883 
64623180964977818661 32364072880130047 
34238749887414922774 28880822399946924 
23240920056964873817 80264725565134303 
67245613814009133115 85931828527804901 
61256545272255842854 6529704557881269 
10991495690272344913 45878566163301445 
66281821980525188998 27261400528084756 
45613563569647253116 55162572141828537 
68159061556607403928 25973416701616197 
34319932969613108350 72725452434049730 
43680306356385069401 67200153819878386 
42687700577340252085 92972092148935929 
19539801790022128988 77786092066123050 
37604209306570001197 32470043286625849 
5358873602679936842 1536047450752039 
60390045852375304631 37700338881865211 
4562447199871583960 18746285579189830 
3773245402498641461 27376741433448600 
