35378996175704980727 70659470089352503 
54086636620439988310 65253344756917465 
60388108422091137780 19115410871677436 
63568549734500371468 92041359192584585 
6054126313907977589 46417878152043823 
94866392221030929074 15110140470422280 
81315880849033152404 44554198142827497 
2192592587805900541 29339794346969129 
36073471834550327218 31117066295580805 
51415221829667637445 23601522209600238 
47339524558192157028 70237626715994477 
63511873660987994192 23114257932311347 
45019645889302411212 68435553121420784 
12143758438635035085 53362901768979545 
78007953107309572766 91302924965240449 
39644391451112519140 13892883305778348 
6220280314932742329 64237451171157537 
84012102137671897014 37082047492818947 
20353766978306305554 63086895141285100 
91814841255811260953 45128895397372925 
75514388387533170035 20923590429363746 
6881322204402118840 31854346254206021 
19719955680695116648 60451933044946804 
56783850552431889951 49892115540860120 
52199424006548644610 74884736972415096 
12840990700426478356 83517134168926145 
87593943256476693239 15043476645430112 
52838281054092313436 95100924961816123 
7975378697505925979 8205898349169048 
75619551193301525679 35219532531617557 
62553241751791019048 81524910625863289 
62232259077187842711 38691172519750254 
5288206474759097356 61337116838652263 
14708880983600987332 21255464683232985 
24561016740468887312 75333024963900232 
15805235834423181468 99726175232437793 
65757842737425627057 20226089218047323 
96255822202316529409 5763035733779219 
71344410159987391002 29874530453841363 
7291296520443936478 67096462262623277 
42526822053286174722 33038959615083286 
66611583378051429434 15923423912872498 
39991567857700959347 85059303553972946 
13424648308010306429 78420672842809157 
90788412876735297012 29057148659174122 
32599617649506684438 61387555068125023 
48110217035427886327 58549693291711229 
69221361208074875454 7743399431169217 
83431043850331965730 92818611934664844 
66307456428728349329 35303664733376875 
3886184790556356056 873173433243565 
91687611843630161751 60765366179987869 
73872891894992850344 32923718614545373 
6570722760305835176 30646242445205174 
16807809501477022608 94317398659622988 
56281745750499794313 66461884737594108 
44270693120935768313 80550530909218427 
73957729804387689094 33925898947997997 
97025174155440866466 58614917539828846 
98341078853520341724 57408792909950585 
9204278246186525527 36658722381096751 
96407960086777635165 27369511278764600 
34118262561761491522 76020935903525538 
53427239030147546656 77222583365392030 
37106160717264208527 77122509165604143 
20658952311451487816 96700571230002993 
78006713560258091861 75195016615972067 
20041929841925747540 12106571645312838 
20695552618768854775 80243607216574144 
36904503751469527948 1647527258710147 
84515373521406980323 23549699961669961 
26601726543560426205 72859720036805298 
67380551021144142100 43473127428686755 
42550485301761493775 62714090747929661 
50424991156261827701 63470420268164408 
2967332355097412217 15430127662950183 
14133616574094071261 91460736394810172 
92193139590202128170 87651822735017936 
55204309083161556833 66257768513927155 
41711706524833762714 46714222663525588 
28539418799836731486 31234132214802987 
88227604669220442082 48024869720441375 
83648613943893653858 80787155014003755 
24546344920212394419 65667654888920888 
47769418378024919530 92672374474931927 
75735477004500218622 78645176110922137 
24728414521801023618 91720612022496471 
21490378618664228361 23850616834134487 
79393597539555395751 78477936745605288 
56603317953971716396 93935542929735546 
86503921307855929147 12132382415951397 
99203607896671773800 38723966381690772 
54034984272612673948 98859406685788399 
28651862878879201808 43672161396087865 
94963639461495312207 75460671957006890 
73455534428574943993 65084394175297434 
68588370006185777624 69234130018908911 
50334276136217380164 26382751879774942 
11515722721995181561 4692394887777238 
66832147920519965269 27906845347557857 
37553044342450342934 38271138064354184 
12329701087546176333 73225171482194452 
31374191699020748200 51617979856134311 
26137959966661684764 47712095415559431 
65613504810759166891 27041957723673947 
69730267513774591988 60513281240165184 
59699591257155165219 35849567204071035 
66447354059012031169 79313366973720897 
80234356336299285238 27471731628068811 
86235688553944606503 91033664006359425 
21850194312864404416 63813423467802737 
63957869710460688779 78025520512006269 
18077198608314940320 61243421781596519 
68907076416713525132 47215803769163482 
16844995052030522233 16147700885922393 
81052828059368134987 77671330690081668 
43290302682182911663 38007868068848238 
62163937292726514223 57606906532781112 
24238765329510143697 5619349901379781 
70621535792892016720 77341673197113578 
48422398831347924621 66471078204757873 
69631436390837087342 3116319546238087 
82437641212618209953 10917592096409692 
41834618013068367858 26965134361610691 
93330176329894682411 41192141811438633 
601882120649629626 9145820811721456 
64907876440253050362 49142877299133168 
86184699056880627487 57681233418426117 
45416057101652303972 1639636865953536 
70008604991027116338 1410244455999020 
94480732812787623121 53635212127695082 
79651513057473087633 25396988005633149 
3908371807596783587 69904411888616979 
37880888304261547215 46571622283696501 
26236779919815818510 91420452094965439 
77923680618747285398 74902809325898087 
47614069927955534883 79183375421374309 
6878055328773607294 13698193667323941 
25611186451644209524 31196107611321633 
12812737865752633387 51143651184695487 
37889249801716974393 15036447623125858 
57836121797704705099 87743939290248963 
55673390529135034366 41033830473029148 
64837025766985307475 7320513677541354 
8624496170903254330 80580315234644998 
86679541218455160701 32013909088982303 
13778937009881853718 62689060016518377 
53285298172606243617 14211922553588667 
31792257594488752302 51004767663657038 
92339648902025279443 32800198831064110 
51782789208262815904 71880748125586679 
28151013647598863603 97638623597933085 
76188793218745398680 83740154272683228 
3253150348639386025 83469852654271312 
83868006580884430836 85109648394536658 
10459579268336890279 40863172443530617 
16306881934377762474 45271441107359320 
60725004461090037455 16154737524631653 
43838910446620285747 70658806315206379 
17581355908619516118 52443680548777175 
12678337385497324578 56310155478574645 
13400890169647126252 88704181839697964 
49185547497390140681 55708330406815315 
98333169920498386226 66317467117879735 
3315743040237357015 25973522487392937 
96792611277761344735 90750735573918220 
62118642228665686243 73055365277132828 
88108884250998888768 34547544197084357 
56389524478567229750 71088014645638200 
79054033220902353210 38822952287545323 
97843369890830223410 80591709147781481 
45615182514409502639 46901651181558920 
92955975588617034313 36620434502814498 
32669733620319851824 17060287263307763 
96686029981653560499 50842381805465677 
78725008441683018228 1768450294921361 
65780648652837899252 27935553176484340 
85764826954848123367 16606900045237329 
80005345439168442346 56677259192810562 
96342265026782777458 16925413375980486 
68362334869964516599 71817532617912885 
7278570396705068177 76498130427977914 
72603376542793051284 7706912656361846 
3713458850667407874 83810536477602865 
15917020646240304849 55267080357537746 
7919261822890526420 82256418496979431 
99017308712631806195 49497245894533423 
30564032428694253477 57360421441152212 
937062317446235131 64663490002203562 
27011298402539892498 48729001177858643 
81523082788481357327 970083971883042 
93736165723402099907 11729917668156364 
62349530212897917911 50544871890635670 
70034722303583138909 78009901055334210 
22860920237433799700 38812528430261045 
28755080917203016253 83526088688398614 
47226988150493147318 72462735338351395 
48450144222108069795 33985344803924463 
17462026569672913816 56263236732652472 
69510717717421260510 48648561587237693 
81458881920402473858 82234902068794430 
92215807150491170310 54760312645018838 
31950308702456360325 27338505259323579 
46041361224062061112 25942408514611708 
13336026924913860819 43928296134517984 
49343461734582252935 61133109957528981 
33815148444717578588 91006294843077411 
15760648905803473821 71908302478724278 
2946395507453264415 24183928009838559 
75779523373737674066 84977048935324160 
99594604511391725585 89229969352546884 
70101956493286004651 59599293634669729 
5286098539600938932 8265068003891401 
68632434639633154284 73057185185643264 
40226519139046237472 79891287398538860 
55873404187123040667 65841282545736443 
1468314975725877231 7409107303192755 
5718278606567205485 71163541059317360 
60765822349488983644 41330813573726863 
80056393253252000369 14622902465907997 
80459778276790930377 21830076494630166 
31775725398194401199 52700601523155787 
23352510249722512164 66355752170286244 
87330534310625131014 53172450737507804 
65895893339216499370 2990276468551288 
45061487138130124356 29047205299386562 
41026828790336862096 17282428371813215 
73604067192197881852 24692181253725142 
18657321086435786889 73503583526535177 
78332426173395656276 90451934037277933 
19845681656626645473 57529824360633481 
97740370515960523511 79825539606132724 
66182979253828743742 33453049850128216 
79361849310932202774 42102193416826650 
77466404176911028863 73701790814499621 
53194291072443932199 30692824606434576 
99301950280384439542 32506076368744874 
83732457763180699723 67431706090883767 
64113024980171098348 75382864109617092 
58690563360094488248 61717263987372723 
44048542599035320251 7488743594032696 
30099640992277821708 86374698867180212 
98389701863013698053 74755082481607177 
80347706905375575815 77034465495087541 
18793883121878100743 430885254682715 
80177210756754935837 90288390585799522 
37255847337397161651 46775740675610114 
77243400310086680879 22120461992723448 
50348350312206236998 87330728242856550 
97946422216868954656 30495845593587808 
13621187737621922402 9678367080931685 
45349017470236876643 22174361730233783 
60025573014581276827 32160043638662633 
71803563441861258359 84488476043679256 
53069665703037577467 11428280517448573 
27933132040422417647 10507686773890594 
34221208027374624535 40715663315839726 
70151107259360408436 83154317764667932 
12285411498237372236 72016687818587973 
96257304596837992105 97327023049667575 
89206485859284068265 78586633311773581 
63649453940726217248 77685992840467061 
15538965023189895794 11229298762821950 
23290042254794901746 5234262063412916 
71889387239279790382 52710701286538701 
19543780510475987097 61344882508924092 
66349048969358159143 8285763801143432 
11823829256801826949 78037476135025799 
59877441430492273474 16995384242429084 
74488315246142907792 56845644872508058 
16503053034013549191 70079388320203313 
52401194019410573554 76773083353598114 
12967055228190751624 8310377990485842 
68723182538891458223 47808009196932621 
94931139009513274858 62382799499558550 
59033595595393083258 99735036712536089 
38266032673697308115 79822910654896265 
24303493079854751335 53164899148776103 
46977622895709654059 81064020696756212 
36176431069818067400 28738771071415077 
2811983071862401328 1889431959507590 
1726195720325084892 28685416770862491 
46424612945969773431 89708495612163385 
46141822567763440836 74103045362363883 
17326107684971912052 25423923058295706 
2803840277111978054 50834428671432487 
35188158687464783853 5877009200214557 
35552299049922599905 25790101401411116 
94725722138089845541 13014792263506687 
88226346076248213830 13000570819272302 
61090003790763259567 41923085196510982 
83068133187590631077 37052230763434429 
15753463987657083675 33980217007609215 
70131830614412019908 86970979936262141 
56190324183786690437 73173507924278604 
85401051272292972258 64440778726719723 
32952850486775389026 96979910099389972 
41939082216248756104 8469414708979828 
37289318867482325230 98876394893532883 
6238936980999175197 20092612005641079 
19702208238965833467 15964723776463644 
79296999053862930137 56448679952444071 
29138224540408890915 71524403439066136 
50982419697102343022 71511180273424319 
45424089517465172716 31103181745679702 
43236271641692043291 83529556317320184 
28740010754519451626 50968717531280667 
20434077926379534368 798048106909825 
66808733371689289974 99642695958779457 
25078898428868762544 16996629386135741 
90740693502859355486 55190438646000609 
68602912297683411442 94113151393214220 
6391058060517034022 68012019159054219 
27102031014754498959 66305958997915690 
81278470844259725008 5309792542941124 
97103618986620408856 75328784118574990 
80360756229476126052 89562478908155698 
49063938829914483186 88373939992824752 
65206115361449847391 45854396439256987 
66612600441224085288 91839294165407498 
24062338944974334078 55186479767838503 
20523269619216238181 38826964448079082 
27069930469954682238 4673251783832662 
38501664408028822652 2222630582830091 
12710198605273623838 41695259754122878 
35541895253965367845 82141103158914663 
3852072649368902276 2013664721812042 
75580013711593104132 85269055700344708 
47682313021920337554 95667732048531623 
60591622459452917690 50596583418777952 
83636086076011898747 72673125367127412 
95796417893526535891 39945366607487229 
59483028030479989379 59901387117800249 
99214253112515658953 88096745361607797 
5112771954850335500 62806283214968927 
82530458018508078058 28476500501401335 
50838781989034829965 9210419889370341 
15661711145930231460 31233936916511657 
7674444743684910786 40401769519278850 
3969059108122455125 70353525348748668 
35614234173266349585 39905966787597496 
13143452659544938888 21920465250420104 
20864426740106797869 92431731698768498 
14489438826101248293 76178438170055918 
68367623054636712273 7119259599284241 
33111963101893199372 43166627873086110 
31596639469234075094 14334957620223922 
11446743148898682153 36017725305927419 
62338168993991298818 79098161124768759 
77785816058455002816 42740212174555674 
58177697991053844017 71521126637361372 
63815713085210289924 83844952158607783 
90216521711151633961 84629043876204563 
20789074590485989957 63959647829794268 
91346560401456338768 75159764833743819 
56517500868123813129 92317727673324690 
4666140567890545101 96606056908802423 
50276362412614984650 87899812968862858 
75223996538410169326 28027794367083130 
25608041913057206449 70258277302144669 
40879726754051699184 63164337648362349 
61647222477120677156 79106288943954288 
8992925723916681788 41471943606819881 
59030397515224159563 21255380100288607 
41217745829581784060 39340483513363997 
8372519664597926270 97600202373663390 
45934069225631910192 39184702907305709 
99578633629995436889 59899148181022617 
66963841666624849051 88144671901456858 
36758678010996374651 3766840297384990 
11767857935787914485 51117747406190663 
10471602994013148680 14785279653787788 
87356388469445601099 83625659672624076 
86404374856442576999 3320459109126771 
11437311492585926440 51503645032190703 
20887826821669714110 34750667118650653 
57933533545183241516 88105112182922863 
17776548065120259074 70990377829707678 
68898574607123544617 44320298228731820 
31827528124478833336 43427939198686797 
603329533499075396 15664455690588072 
2131907388836331459 82707349589886934 
24551082845461717880 61653841336659589 
43736416701648250127 69374422094382471 
96808905939382334250 22616152948087221 
66045542960558822969 17917015369208825 
58873164055864934101 92866664867513665 
24348372941812149583 99153659934052356 
34456009969246790122 63558731518626503 
81895160849890245281 76169726333742813 
65679589463082216877 86015748216766919 
72308798056037086292 36646377932775243 
51267177654966274738 2819221949440545 
81921927570504786649 1041718273381976 
34820762344710828822 97861284966584510 
93684128019870446688 81604992292470724 
51972332990167522565 91885031334538537 
27437072205642955064 18112955788505989 
98453056404406874124 83791838157385193 
33044208302659276023 8917200330731783 
75273431860781428591 97922673135932340 
61940190800563266526 65769980592400879 
90336502701188073503 76531182539373172 
73100863129549190336 61442903467547970 
5928860340286660324 59764968038330478 
70553349953592520927 20754473810042937 
92372057269816306704 56894904098769851 
97140940820946898685 98518976818313874 
66969287236824420379 76980630728113199 
71144730143366913864 21561507922763146 
39903872911351474170 76877715106913384 
42617551509698435735 23449437452334721 
9929862470343689422 20023722726694184 
63955211934310623171 40993729604718012 
94678368064636437953 22203596852229623 
77340147041934158810 67777178126208548 
8655142103689781755 6917659354056850 
2062753178071000039 53286167297194022 
54170294853040327817 50626182441126983 
95963440710322635515 25174791291957518 
27204977436415395640 73322340184229781 
62187283745015049586 52172059982037461 
3058542633280757050 13049284577480811 
27452152945855184968 23830561106451179 
7921181886425440842 75175513700376019 
20548531685327606129 42502242290769508 
55783658883249870434 45405202506877835 
41856023386498554932 36767943038862213 
59234535902937042570 19918307513019720 
23549519359299479192 78553632487797275 
57328065286285156319 34772789214776368 
52386029488332047607 90257124765503090 
83306053311886447501 58211315463185061 
37414589289792926420 74433227946654810 
33141676647033792171 65750517957530487 
15959891801103104209 26459178542139839 
35182864863192994827 78957928366318652 
92065053097894894259 60757125865751620 
97359697036529070768 7528662304402975 
33248805944481687910 46889878518250933 
29968292700070916177 44730561165134855 
76884329623379747478 15666585353334619 
7601820799958066991 6171970256998623 
76158325129497423528 63369387917125410 
19481883018304893380 73445798844328536 
21523194613955767169 84660890280439959 
65331939286421282758 56630034336476958 
84778013268332884194 86107618711372331 
45911061772337800694 65647911689031235 
4708733893292889224 23523810458877393 
27921855007679193290 40161647705694479 
72220890756009858964 11141883412630817 
1738902391113962380 30773616758476055 
67899754941468036586 63018769961005001 
40695608482091954425 81313823067444409 
32487665649717194156 9844501726336552 
79836076455474719547 61952885445998331 
29394985022681817918 59481655759623865 
78702069095871380024 53301099885510228 
70194979830514168095 61473176947183329 
11465107203599691227 80288439099599640 
51125351939031723054 69520738006183371 
9722052765755177765 70351651381851218 
78293811787106908667 22105648448352887 
839894894407658045 22841376884974975 
72897963975201631685 94067549225672505 
926288442225849943 6832664685087672 
14853205986547542034 94105969695559735 
4735316062880326752 15723029560484588 
79391517984212609793 27499316384850839 
68630666238443527346 89378532572503373 
46002602854385183540 4467557230282804 
54813891833268674629 45908189211745435 
53302105225195134620 57962099034645333 
40681168986220762575 52295127879487783 
43649826018782445182 59233578695579811 
40795182621379256038 2376237837580314 
1977317472766602409 36277044378158817 
94949805889691982344 15607099487235888 
45296251435799555384 60460508889005173 
69615745546776875508 77628291141659879 
79244147617528118242 51947296958370633 
46560046442474652066 23824380579193592 
30676140248783309800 16161376992782749 
34997388737756714960 11605224434099786 
61046308346820258772 4545874452942431 
84240165892677970027 46152031247673049 
96828498555469434748 21205261046373598 
76224102954797215215 90618866315266136 
9313949670973413646 86158131499653456 
67160859809051811960 13343655119711905 
42422569878018717982 51858889162864513 
14508170536032960666 67210319470650392 
60509072004535630622 61405156406418656 
31688978142624622479 38448371181367863 
84335596765399510362 49920805632778581 
78318437845384306104 89807070997230792 
34657250183010851024 22794276224763692 
10693417844784894045 96064715407771546 
94786704412901894591 20662841256002478 
