47 48 
46 84 
92 76 
69 50 
64 98 
60 63 
91 22 
85 91 
12 60 
79 97 
34 19 
79 97 
92 70 
56 17 
13 61 
100 42 
13 46 
75 33 
16 76 
43 52 
70 37 
47 21 
59 57 
40 24 
78 28 
70 35 
53 92 
15 81 
32 62 
86 69 
17 35 
73 12 
52 65 
31 62 
39 12 
53 60 
77 31 
80 74 
70 25 
75 29 
36 22 
81 31 
11 30 
93 97 
88 100 
83 37 
96 10 
34 43 
60 99 
32 87 
31 22 
41 76 
46 21 
41 15 
58 44 
85 36 
81 88 
94 59 
40 47 
64 39 
96 11 
41 77 
94 94 
48 30 
100 31 
70 81 
21 92 
26 94 
48 76 
31 90 
10 71 
74 20 
35 39 
95 14 
50 28 
80 87 
98 53 
58 46 
90 53 
16 27 
50 15 
85 16 
66 59 
67 46 
54 68 
18 93 
21 68 
92 35 
100 22 
54 99 
35 71 
63 21 
75 30 
18 74 
27 13 
78 40 
98 28 
68 29 
48 40 
31 62 
83 68 
58 49 
39 26 
14 52 
16 46 
86 56 
40 55 
54 59 
19 82 
38 61 
42 69 
65 17 
97 11 
54 57 
79 74 
27 50 
15 37 
96 54 
46 52 
71 80 
58 18 
76 79 
84 15 
13 68 
32 71 
77 74 
58 95 
54 67 
37 10 
99 84 
54 83 
40 53 
44 100 
35 98 
58 63 
90 26 
100 39 
80 96 
11 73 
79 76 
33 12 
46 75 
42 84 
63 10 
95 35 
56 12 
68 73 
68 80 
56 66 
25 84 
40 59 
40 83 
23 78 
71 50 
47 17 
96 27 
79 94 
88 61 
19 52 
35 26 
74 90 
79 42 
86 69 
66 20 
74 38 
88 84 
10 43 
88 49 
93 97 
28 48 
33 83 
53 91 
44 82 
68 94 
32 34 
56 64 
92 39 
53 53 
49 18 
19 13 
77 66 
66 23 
28 70 
91 46 
23 76 
39 18 
69 75 
75 67 
24 30 
13 11 
53 86 
88 30 
71 52 
96 100 
25 33 
51 38 
56 36 
60 61 
41 88 
22 87 
37 91 
39 38 
21 48 
23 72 
76 73 
17 44 
30 76 
28 38 
13 61 
75 35 
57 95 
54 62 
84 72 
61 10 
61 11 
70 43 
50 32 
83 89 
30 97 
31 17 
18 57 
75 61 
35 49 
23 12 
76 16 
97 40 
14 91 
37 37 
84 14 
17 14 
15 75 
17 19 
89 24 
57 50 
58 52 
38 60 
57 85 
91 87 
57 34 
33 67 
48 49 
45 10 
30 27 
65 16 
66 61 
35 86 
83 37 
28 15 
81 38 
24 51 
68 72 
19 99 
19 68 
94 97 
65 59 
85 60 
72 43 
68 93 
67 22 
90 11 
92 90 
90 66 
33 79 
77 65 
39 54 
18 92 
17 65 
17 47 
39 34 
36 85 
91 100 
28 29 
100 27 
76 49 
94 88 
81 87 
63 36 
94 76 
57 81 
45 29 
17 80 
83 35 
42 28 
50 41 
61 60 
14 85 
13 55 
49 47 
18 49 
85 16 
70 91 
42 26 
19 47 
91 59 
49 10 
74 92 
91 14 
88 49 
16 25 
28 86 
14 40 
99 92 
46 49 
49 85 
11 14 
66 51 
36 85 
53 78 
50 94 
69 14 
94 100 
63 85 
75 91 
36 79 
82 29 
64 76 
84 63 
73 77 
31 52 
12 48 
45 40 
96 85 
34 36 
20 79 
42 77 
75 15 
81 39 
39 69 
91 89 
99 20 
23 65 
71 65 
49 49 
88 95 
54 83 
99 40 
82 60 
11 14 
90 31 
48 36 
98 56 
70 85 
22 18 
95 66 
27 66 
20 93 
44 18 
65 70 
58 86 
43 27 
39 98 
31 48 
12 59 
19 31 
71 38 
75 68 
31 13 
77 83 
88 46 
22 54 
88 14 
70 97 
73 10 
95 33 
90 81 
60 11 
93 95 
31 62 
94 24 
73 60 
90 27 
31 78 
65 73 
29 65 
60 27 
32 62 
89 29 
79 82 
54 16 
86 44 
18 62 
20 31 
29 12 
46 74 
43 86 
30 70 
55 50 
66 47 
36 77 
89 63 
32 36 
89 51 
29 80 
44 19 
36 44 
90 17 
99 23 
16 83 
34 72 
70 27 
35 17 
26 48 
26 43 
49 98 
42 11 
28 90 
52 63 
81 26 
49 98 
27 83 
76 48 
82 75 
57 41 
80 31 
68 39 
18 94 
85 40 
53 35 
46 78 
20 18 
46 45 
11 18 
60 42 
54 31 
85 20 
44 85 
77 91 
16 77 
15 52 
60 88 
78 12 
31 11 
78 66 
76 55 
82 81 
23 92 
10 39 
56 64 
52 73 
42 71 
84 28 
77 36 
38 27 
38 33 
81 90 
26 20 
38 34 
94 96 
22 92 
21 78 
16 50 
47 91 
40 74 
29 25 
52 65 
19 87 
96 34 
34 42 
65 95 
69 29 
55 59 
87 87 
94 94 
70 91 
24 38 
100 65 
70 87 
18 41 
86 84 
93 42 
85 13 
66 70 
88 29 
44 62 
30 54 
92 92 
14 60 
48 95 
76 36 
43 89 
94 17 
39 34 
36 12 
83 44 
26 73 
67 78 
53 43 
27 93 
40 64 
30 23 
93 15 
84 70 
78 54 
92 12 
25 80 
99 29 
89 26 
97 66 
97 88 
17 83 
