60 71 
44 90 
60 32 
69 56 
60 11 
97 63 
84 59 
70 44 
86 32 
96 70 
55 30 
93 76 
40 40 
38 47 
23 57 
73 91 
40 33 
11 82 
80 97 
76 90 
34 76 
13 39 
47 76 
40 10 
23 55 
78 48 
17 67 
75 71 
20 90 
28 88 
64 10 
71 27 
80 23 
66 90 
93 68 
53 30 
83 73 
82 72 
44 40 
81 15 
36 97 
74 83 
85 25 
98 100 
86 55 
70 93 
18 64 
22 64 
69 67 
61 77 
88 85 
67 62 
33 53 
34 98 
27 100 
29 78 
23 29 
45 35 
36 59 
10 86 
47 72 
94 11 
14 70 
70 49 
48 92 
56 12 
90 69 
51 80 
37 30 
14 28 
10 34 
12 46 
90 61 
91 10 
11 43 
39 33 
76 66 
85 90 
87 54 
14 74 
99 80 
62 56 
27 17 
81 23 
49 29 
12 69 
35 84 
91 22 
57 47 
67 73 
31 68 
41 35 
61 16 
53 61 
87 44 
97 30 
24 49 
71 100 
73 70 
43 79 
46 74 
57 42 
82 37 
26 49 
97 17 
77 79 
21 43 
66 94 
23 81 
61 20 
68 78 
38 62 
66 31 
26 26 
40 21 
89 83 
68 13 
78 48 
70 34 
62 32 
47 54 
77 21 
28 72 
91 56 
12 16 
78 31 
14 85 
36 69 
92 86 
94 19 
90 90 
95 32 
92 97 
88 93 
71 22 
52 15 
37 38 
24 93 
41 62 
95 25 
63 11 
59 64 
79 71 
98 82 
12 30 
80 57 
35 34 
98 81 
40 84 
48 33 
92 88 
14 53 
76 65 
92 87 
61 10 
19 16 
88 40 
15 31 
49 14 
16 56 
60 60 
78 97 
85 38 
12 44 
44 49 
83 34 
81 26 
20 28 
41 94 
78 52 
87 41 
48 60 
29 43 
27 59 
34 42 
68 44 
15 100 
95 45 
34 66 
17 64 
41 56 
74 46 
72 85 
25 65 
27 44 
10 26 
33 71 
60 99 
85 17 
84 45 
32 36 
92 19 
55 55 
90 28 
75 27 
22 37 
45 95 
85 33 
44 100 
91 99 
67 33 
94 57 
33 93 
49 53 
70 41 
67 38 
58 81 
49 86 
89 43 
60 55 
16 87 
91 12 
48 41 
45 41 
52 99 
72 44 
24 40 
29 18 
56 99 
41 40 
55 77 
80 13 
16 71 
74 30 
26 35 
69 42 
28 72 
65 48 
95 87 
37 81 
43 84 
93 84 
47 25 
16 82 
63 22 
76 32 
23 91 
96 16 
12 59 
69 32 
20 89 
38 14 
61 86 
59 84 
31 81 
93 26 
35 34 
31 19 
48 24 
93 40 
31 42 
56 55 
53 50 
17 32 
63 38 
27 56 
53 46 
81 23 
63 53 
92 36 
97 67 
95 19 
35 15 
76 78 
85 23 
83 79 
45 37 
21 27 
43 53 
10 37 
80 89 
66 59 
90 18 
37 87 
51 75 
63 83 
55 80 
20 98 
88 64 
29 41 
25 98 
51 80 
32 72 
85 56 
15 77 
12 74 
22 54 
59 84 
57 11 
40 48 
86 46 
57 70 
13 64 
34 45 
94 99 
11 51 
48 10 
55 41 
53 42 
44 75 
62 38 
67 31 
69 88 
39 27 
74 80 
84 92 
56 82 
23 77 
31 84 
26 36 
91 98 
76 38 
64 38 
47 16 
93 84 
36 100 
88 99 
39 67 
89 42 
44 40 
74 21 
52 10 
69 43 
61 82 
70 57 
27 63 
25 62 
49 92 
77 61 
78 42 
25 51 
60 60 
68 48 
56 44 
48 76 
88 69 
66 98 
57 84 
16 82 
20 81 
14 52 
97 86 
64 41 
19 97 
22 55 
62 30 
96 93 
70 20 
36 21 
15 67 
84 29 
37 26 
89 40 
78 59 
27 35 
18 87 
37 60 
85 10 
86 55 
22 73 
70 73 
74 63 
23 75 
10 78 
21 16 
12 25 
61 14 
38 84 
54 19 
61 11 
98 18 
35 34 
34 94 
73 22 
43 72 
71 27 
49 16 
36 98 
41 37 
83 53 
20 31 
21 55 
97 37 
15 62 
20 86 
61 87 
25 23 
18 86 
58 56 
25 68 
59 29 
63 19 
46 74 
28 98 
36 13 
17 91 
79 31 
91 73 
15 25 
48 31 
15 55 
82 96 
15 87 
26 90 
17 58 
36 66 
25 63 
41 28 
26 99 
41 40 
25 50 
10 29 
15 80 
96 24 
78 11 
30 75 
48 45 
90 19 
26 47 
96 39 
23 52 
38 64 
97 85 
19 56 
86 38 
27 57 
74 20 
81 88 
24 30 
41 85 
84 62 
13 79 
34 85 
99 40 
43 23 
83 97 
21 53 
62 37 
56 21 
81 53 
20 37 
33 51 
19 86 
72 19 
97 56 
98 52 
36 72 
63 88 
62 31 
40 73 
48 79 
99 21 
39 92 
32 11 
50 76 
48 90 
20 19 
73 38 
78 16 
72 49 
58 37 
10 76 
99 42 
64 89 
80 82 
80 94 
53 61 
81 36 
90 40 
66 86 
74 12 
43 83 
63 27 
70 42 
41 39 
70 45 
20 30 
49 41 
37 13 
23 81 
50 93 
82 47 
91 76 
46 21 
26 37 
56 25 
96 63 
12 100 
87 51 
16 88 
64 68 
40 42 
63 82 
21 64 
22 99 
16 28 
68 81 
95 87 
38 66 
80 93 
