87 36 
82 19 
54 51 
53 87 
53 68 
99 59 
12 96 
59 19 
40 52 
62 61 
51 16 
23 83 
83 18 
100 42 
17 72 
28 70 
87 55 
46 52 
42 80 
60 88 
61 79 
56 42 
39 82 
13 89 
67 33 
70 83 
19 44 
62 60 
86 91 
65 97 
57 36 
26 59 
31 89 
77 99 
54 11 
60 43 
18 24 
100 59 
47 60 
45 81 
58 84 
33 13 
96 59 
87 21 
22 80 
76 28 
55 28 
49 70 
40 77 
49 49 
21 13 
61 45 
71 83 
44 27 
95 55 
24 97 
80 36 
48 62 
14 33 
72 17 
52 80 
11 29 
35 79 
49 92 
62 65 
93 52 
18 57 
13 16 
23 32 
72 83 
76 36 
91 28 
35 93 
51 69 
18 48 
15 43 
42 90 
41 30 
60 15 
29 32 
28 90 
36 55 
84 73 
57 78 
30 17 
25 65 
79 57 
28 16 
48 73 
24 86 
43 80 
22 78 
81 51 
46 69 
66 94 
33 67 
67 34 
58 79 
35 25 
51 46 
52 78 
16 64 
57 57 
54 52 
13 81 
34 95 
66 33 
44 64 
38 29 
88 12 
19 29 
87 84 
53 83 
55 54 
61 93 
36 87 
26 79 
20 24 
79 65 
77 54 
51 41 
62 86 
55 73 
40 17 
83 50 
28 95 
23 76 
11 20 
52 73 
45 88 
45 32 
44 88 
36 73 
49 42 
97 85 
61 44 
60 38 
87 88 
84 32 
31 64 
34 14 
23 48 
80 78 
95 17 
94 75 
51 24 
81 91 
34 92 
98 17 
61 92 
12 94 
100 14 
84 44 
27 99 
36 100 
16 50 
52 35 
16 23 
45 89 
63 38 
39 23 
70 53 
37 75 
18 88 
31 37 
19 72 
81 84 
88 26 
71 35 
50 81 
53 75 
18 60 
21 30 
98 50 
24 24 
10 71 
97 88 
59 66 
21 14 
47 36 
18 64 
100 56 
22 70 
73 61 
40 95 
10 65 
76 56 
47 52 
73 33 
23 27 
42 33 
67 88 
59 20 
67 57 
75 52 
37 31 
18 75 
10 12 
69 12 
37 70 
77 28 
77 50 
10 58 
51 37 
37 37 
34 65 
56 41 
73 72 
20 55 
94 72 
41 49 
48 35 
58 93 
81 59 
42 70 
39 70 
24 34 
75 46 
38 79 
90 14 
81 89 
33 90 
47 39 
34 17 
74 46 
39 96 
95 64 
12 91 
55 82 
98 49 
16 79 
17 54 
83 63 
59 62 
98 40 
83 39 
81 94 
84 44 
24 47 
29 63 
19 67 
90 44 
94 87 
66 15 
66 77 
33 21 
80 56 
50 50 
51 51 
24 27 
97 12 
49 92 
48 20 
99 20 
14 35 
42 43 
83 25 
54 21 
53 99 
57 11 
86 63 
87 36 
40 94 
24 60 
31 81 
24 83 
68 92 
80 65 
46 25 
40 42 
71 79 
56 65 
36 95 
88 68 
95 33 
44 89 
56 57 
89 85 
71 40 
81 54 
67 92 
12 63 
55 47 
23 41 
34 10 
86 97 
42 79 
30 84 
48 72 
88 65 
64 88 
85 48 
57 71 
49 57 
23 25 
88 95 
95 37 
79 86 
65 53 
91 100 
23 80 
34 32 
82 22 
11 99 
21 83 
55 28 
12 88 
53 95 
88 86 
55 11 
48 82 
98 98 
65 27 
65 15 
22 27 
52 77 
26 41 
93 22 
54 11 
17 77 
33 77 
78 77 
70 13 
45 96 
45 23 
38 52 
51 47 
65 44 
11 73 
28 76 
15 39 
45 69 
97 76 
62 95 
74 62 
21 16 
83 66 
22 43 
59 35 
26 23 
58 32 
23 54 
45 49 
36 67 
50 63 
42 15 
22 67 
43 68 
65 68 
72 31 
56 75 
13 63 
80 73 
51 91 
89 38 
76 78 
41 36 
55 37 
99 43 
54 28 
49 52 
16 42 
65 12 
38 14 
22 36 
18 23 
91 59 
59 97 
48 66 
61 84 
87 44 
17 27 
23 95 
26 90 
61 70 
48 17 
26 32 
36 99 
82 78 
32 86 
19 40 
70 53 
89 90 
29 61 
78 37 
57 42 
49 98 
68 92 
82 85 
47 61 
49 73 
42 44 
21 90 
49 87 
90 70 
87 74 
25 31 
63 50 
94 43 
96 71 
75 97 
18 44 
10 53 
53 39 
70 69 
68 30 
27 32 
59 48 
89 99 
96 85 
15 50 
31 32 
36 83 
60 88 
96 88 
43 90 
51 95 
14 76 
14 99 
89 58 
99 43 
99 62 
95 10 
38 52 
100 75 
22 56 
24 44 
13 63 
91 21 
50 67 
95 25 
43 14 
84 66 
72 30 
92 28 
50 95 
98 11 
83 37 
100 28 
50 18 
44 79 
49 40 
52 58 
97 30 
60 39 
54 75 
97 75 
37 35 
60 22 
11 16 
46 95 
52 39 
53 26 
29 89 
45 19 
49 56 
69 34 
41 41 
47 82 
40 34 
22 44 
64 30 
18 18 
97 67 
90 89 
39 100 
72 60 
35 56 
76 78 
43 72 
70 38 
76 66 
82 36 
88 43 
40 56 
17 68 
65 84 
89 53 
69 90 
36 52 
18 100 
34 79 
19 63 
36 40 
20 64 
30 52 
14 26 
46 62 
11 87 
17 61 
23 16 
41 72 
92 82 
81 54 
61 81 
65 88 
74 82 
18 80 
61 43 
91 21 
