88942698362872635099 29138885504724021 
8242269902986842485 48254877634710073 
95571569649916449627 66077539116277345 
2146861151924327273 71954680032747409 
84796346129336859094 57571838448782860 
51787356630194255435 86854142126360788 
6590972576618708492 39358818813784213 
46281075802919011583 64613840686298534 
17462894603873556544 67675712812820942 
69800269184953017711 90166565573801904 
93068155890161081374 13569383531307882 
86391992651754885505 74158583517159478 
56208844544792446506 14164469781143361 
77049709742336634785 91837605228307658 
28698495457415816757 74474933775777195 
33133790322984261260 2678083451921400 
1342584770072758627 84046622784568595 
20884936669606679177 71816073297158277 
44112297517072722101 83196163123357789 
36099062087557886754 44592962249841566 
14693662539368475060 864376214217514 
62151955668769406195 41228705252068373 
7492673483162810767 61444802974728802 
51467653194921061609 51842077885253239 
17871278293263185824 25590718798307359 
93116791160228495513 27713150246485989 
32415323628410940741 84420450941628342 
68500631968122409708 17019948101706582 
49273031476699127866 44235067450530589 
47263553270939114540 63040320884896867 
86357193199452314608 82913514432095808 
36593707244152847017 85909456304195679 
97559129669553494212 56823441038529782 
53270246678942813283 40618727135844150 
41557927551646855147 99042107035410421 
8992100353029761941 21480025080640099 
12903840730740437897 65459040936225835 
3895395881184604340 66966688907655538 
77262769809978645345 24886815639802648 
23122191659434065819 53423811274819032 
40673975836170178067 10361716450251982 
21749349260657416493 91085249982964073 
60939559541128893118 24205126823565794 
17526928472721649543 69599343920017422 
84179228573281719038 34021410406835494 
44038410853377364142 14604520684937138 
57705221029533196038 4671465538213823 
15329036329686121280 37708104060230824 
14337360961497971845 68234822687078721 
82883863946747447971 82342773839392614 
72454076250423797585 6705563456682605 
81294397351944933620 83509332294123148 
10969259903696104060 64961136515314192 
28817297560952106462 11534041211980176 
24830390181150589419 23081956089093586 
15806447037747841955 55026576430356353 
70430379732653576328 25118590450104834 
89993741570257672347 85224728244138607 
17650602111204722957 82790957361448246 
36673983606046600467 78248271654274422 
35785766693410904323 58890407233358363 
34998596533119467678 38401568780699240 
56264745186484316527 97430974579586626 
78081798224523458226 90021103873657706 
39333063235798309074 77203360585137400 
97302883226876281530 45026802838882319 
97770623658091879643 80949146952991385 
71960966930568285012 69106940847679690 
20523682740163604119 95385261078571832 
34151370753749970599 80696317447696735 
20151465236504206561 90687214242825946 
65774655352426662136 58949382382163103 
69177015107379421477 97395110305894634 
2968381443891847436 35580886793403872 
11843211498829218037 31286750970191019 
88513692856080621107 33205045658336542 
39274932489912614660 38390215910262544 
43540941127525446935 32289929910595002 
53499984586617715709 72809815511997217 
5283848347973698439 84004524358607133 
99859529042008124360 99835073854406434 
38911582501229905754 11319148383242467 
41892539855790166367 29446286930647833 
97692182926945523617 72161800712614860 
49865737469976270829 900559473916081 
69479276649331209526 39508845176734420 
22162997076913128081 12894426695984543 
83591327155430239302 57262724547799167 
42220293691577732861 53206489612785559 
87936013636530736902 38788136367600774 
41684605946341839245 59170340912052393 
90928059531962040951 90930083147030953 
38469692607926088636 16434786033478861 
55323787240999262581 5692221696696175 
96534516050388664656 76004458766546158 
32258149832828038190 91089670326840259 
63715612119026327940 54584738813937660 
93271016991459463809 1232743862251652 
19340984525204020744 25980166269594854 
22787564935698485713 66021850218175575 
30241239282526868835 82160131005266838 
20168898508526483914 70548343251719665 
35858161358666494964 51716434890691350 
38690496372499053294 74325503257271513 
18923704789994551425 53088326904639526 
92112474933465465847 8202832136896945 
40332205896820769523 9541578378613650 
6556212037848654439 78990825692486106 
3918482030078914716 93719065866907884 
78235993313802868496 91016521389556091 
27418127924833001748 8168769393420898 
90679180708130274555 50345367118665555 
56096069220498887237 28007847935066340 
59163371454495351751 73734546508290635 
88376307623750002895 13785192872099905 
98081602348248470106 59369923417478789 
89231329994106752520 2634721107815885 
22854804384588466959 74652782278768922 
72416114359341022933 93505057027863827 
75463367025205523561 58232258944993275 
39946972990115516099 32761469489382752 
10720520559101186867 41700185296060062 
70181810729710387974 11489666390436942 
95449939243130697607 69180584065597297 
57111552430860046109 74217720881429399 
34782664900558288317 23127076946393810 
21780524825435422686 74824639322887886 
45734076118101754602 45633487632503443 
33699642456959481237 45262342452791883 
48442687865977463314 68522966721712101 
93485591670388205921 12662090430294601 
20812302401839480214 1454119683853023 
72769814864132313291 91625829090754976 
37787716153962439358 91077308304451133 
82371887379260687645 5573485925281686 
87281834454089787958 63128798611400105 
29979157706473510097 51031061271522244 
29879014374868757203 86544885186480424 
85155071553244890420 20576034510115940 
41984526584587757548 15201437007155548 
76570216819860265909 5195172691996229 
22493361653560072722 17216297162582673 
60866943280003842535 28402722286471868 
70011203416886186493 42389771862818822 
37323602551386663746 12459132492568283 
7566492922674649286 6925548403733539 
89605202266504663298 61089171922280134 
13720905299749707346 49352024317715674 
34754986649229891414 3850897864883671 
31194716056736113931 65562376469499564 
37739844191210603472 60661787566552300 
70413204133591981924 4901405105925623 
62855641443064715069 65692059691314840 
57970955597934524845 94310326895753587 
89096263390969670398 47073930171931410 
75771042285976213600 14633389076758317 
77746429029200005547 12618945959369864 
10050521463615064513 8655117607979437 
28299516302986163399 85903933615608380 
33981683427729429549 73285195879096404 
4661579742416471995 50343419371766169 
54053750583280907812 17663574245621958 
66992499417608371161 46664318511821825 
53773617072895745470 28007139614516779 
49881070447853261780 5065562255318085 
35854592600419940762 15095331349479323 
73084175486596043107 44256456642087394 
8461282299184189011 15996037755834701 
12991994714378874305 37137451700434193 
84701113703308393568 26866293327834710 
19174352582536536151 6401813752825835 
87674168423977382535 8793913267953931 
38095928575941293232 8009276221775720 
57366756359898109255 37885489200125463 
19686392157518239055 8261186956960754 
85025096146245595791 65591441378348917 
47807206053961254910 55657624767847304 
42314424182293255935 94314009650291102 
69435193316545486269 97577296436564745 
49185098900963976601 7544543245590248 
87826858946077541406 94474020747783721 
70867203448214914544 25064603894119415 
6045370562850567579 98915234238008660 
52285914735933758204 35809502742826555 
93317186354937827800 86516573103909754 
41935458094769569812 32431881369870661 
7489410249513124473 27915325927103060 
15389945587742033263 25743106465161632 
54593168892221941028 78164272147377212 
3701607355432643225 95439533520695174 
25540249190788725335 23204399979751038 
49222283777670637642 7849078288104681 
41665428576791434768 80383168372384478 
78144465135534523345 42763888981702637 
74914391904127172162 23302413691795802 
66631570553614730845 84438426561142277 
50815444716973493954 89593207014799760 
28603427155118840642 9101355004695045 
11598677309195435305 39703735143774259 
93667534894359530225 69911079220550896 
74901213491257897701 97857397820120840 
19548941971478987758 43387447384713774 
47610846880939292740 8576423923632379 
52607476840144829747 3339778187499084 
83301690280694392011 75936351648458572 
62771156781475821322 32576893602094837 
21057932097172765492 69251597613065331 
14388628226133585536 89930173245623690 
30725447636132147229 19736385162413197 
65243120313626274596 20493951681063716 
69231833694686451312 84884476242599226 
52331321906046715255 74472516812394055 
1411920928594076953 10491256719059102 
72949412744743188020 27175215129100878 
7458293330464224069 75233187265693192 
22314741141597456507 86713455813969312 
42897727750230918988 12918635689051315 
28225808941756550262 45116559149250348 
92135716625103896616 48837739541231770 
29328649660972548650 36504554840401966 
48071472905642226609 42070395513923041 
87810484958277972061 86081131721279299 
44332751847415979427 75353612228177430 
33387738208007666538 874592671242976 
37649811386145522615 46350295418395507 
10659171617659826013 37380420789331276 
13945206921029012712 33383202524190898 
13341885336681537043 87267664651652913 
81492449438713963488 45452334963882825 
88011265653490608518 55384005973209898 
83927426677628565922 17985017392547910 
84298255249109992382 15936585699263808 
985989383207142366 90667016782986978 
18013684964151196334 71336729934117829 
57406842118029199841 10668198916676264 
11522201935387639494 21329858856915462 
20172927998108664387 41833071318241543 
54878190030783700962 36790481993802980 
1106762122734134049 91962608689759932 
91740482784969426412 73178801828974555 
90630240459418054065 5828202859667209 
7514466086461152878 22300372487124001 
19440123741251632708 3351912242286597 
28339729474509869157 77688916124690697 
82635551161841650358 2232219084889558 
20823774034305566788 24677777520782409 
29289836192267268170 38736669857186530 
20381352302222219776 29796294798937261 
28983606873820419622 719287989163406 
21477785880034335527 75979723947975056 
90432039190014870155 44198454141983353 
49649512319566211320 19382288872284451 
28753958083486552631 1251849072845333 
32454376240991616190 74456033088186904 
61125278543900005540 45288330955262279 
96624733680474694185 94941745110242188 
6701316578446383153 39310935569203216 
77014545822873917657 82799523189966569 
85524725057164439489 42026827415719025 
74634100070627695883 94290743776069065 
2959169889137732513 34582988845152559 
96095770621015905771 105668082954203 
39270216954670910313 92659178090392799 
78578649508195524584 55947944583700084 
73684215286804082297 1430553126164164 
61740630716788837718 75879076750017723 
60037626667597754166 55348676597058615 
78891190519843560798 91464896763017373 
90380256624093281730 89392637129447073 
5156856021953777147 32972060355598774 
91452460534845033985 68824319667989989 
53469846971969933308 96367369386570056 
18671365738103154170 54353008578316660 
94321586266345417059 96982156711167617 
45085437911107516775 29916101639329518 
91784019172761301687 39591476877524187 
28616014751197769023 2276223000083941 
12049251135555699115 87568206536271848 
81106000870138391595 93772791307077530 
21743477388928293711 9317945270908856 
83803527020545115831 73775180943015942 
79662715170474673154 27631517075816786 
40095764051881576856 12237319847686019 
61772360144158092422 44525182770422650 
63884240072607963596 80169565839974153 
86626165421837995202 36664839948944823 
95258035927269462992 61662866305807130 
52621342773498577741 39344602668111283 
64406515757256053633 68603414903823184 
34570969289522801607 73872835497502218 
91592178468288346430 17831283267588254 
83422043982030773423 77140484085097523 
6890299894816803412 78104591193768171 
48972105372056946758 81996692508413340 
74746279532948386136 64374380186539914 
73664980738244101525 60574375039136688 
83994083278285871172 77051101455674874 
25254398454687031040 66178980712673880 
73739215940450161927 88990566525669621 
84429731612370836905 54502791720997760 
48735059599546951301 11218723816727486 
39360982732894516726 81932892261114414 
55567406603444317981 18520291331707809 
47403291952587708794 44630309750864624 
75536739503404809211 7799247803467027 
63778406150266983277 94514444449649266 
81079915728058465297 11354564588782203 
17652111429802657956 70422153545299938 
43340055004597181559 31322628623236136 
73680551473666071534 98942229854483101 
80789791042853705246 58487272575813527 
2088230386200541813 33240328148113211 
83919820709686076041 67629879138453086 
7098662781576972940 2466302094447625 
9311627416159766252 81204382955191738 
34313626422346712948 94259846345527665 
2944487594761919326 63985941554409055 
94818825666777070676 34930363321773375 
97844350899350221331 93286010603767857 
43125476894900922046 52028672940631295 
50579262561573912486 40221826623618179 
29652482919770299840 8871331549787199 
19553236452660962824 39546377908392367 
3897176672937658347 61778533238891637 
17247669712447255543 21142426755794111 
3832900094291744955 15796450652259580 
7252356178440023802 10555090411560320 
51712301878886192894 34507812982808666 
73558830838303834930 170317086321139 
75426111366852860618 32329892437282363 
38302738400854881339 18343170881803408 
26412946898546563008 9634848699784308 
11722170107638687586 52570564838292363 
66240393965189585581 86480593615744733 
2436908577256376396 33167219649648260 
40245185750678891700 54023983640380272 
14937204357773277368 49410938375711473 
81569756727549389644 34717080299572388 
15149442951645434711 3567157864707618 
24453287000924588014 23610368966292225 
94760333998474178550 37466031505862259 
42911959720910689614 28376970698294727 
39701937874600406632 73158492658426393 
11440384528624068557 54945391278723555 
25249284804779815080 77394599758220696 
98152959132038769617 41519612652029044 
77867968678545280781 47363878074608597 
18958456163356449589 13643116105370850 
83933843623646130000 12339132214909267 
59358897742051325454 95863243523064941 
39543478542526326676 19547119956826230 
86745364378889914662 38245692818971062 
91202815751780872253 57578189312375029 
22361484240702861996 79247438703093823 
21165530946744156122 59016479052611260 
37099575671578044276 87863508193836906 
16102930542799249305 81903489390841857 
19401953671555525220 10737195495312203 
70107378311318935221 60355554474824665 
72103965753109538388 20154054981492311 
99649803465774122937 82812364701634211 
62198981312483278560 69271200332118849 
61722796374630375243 60017439520086704 
59504181795701527384 94251326478084674 
35849019750400785272 89659162321129758 
54870829474201608279 39917525293364123 
94009366196559143050 86088524837367366 
74391812878872107966 96304554206759179 
14400565897699397682 96719251694089818 
8272964662685186293 78213224484303232 
3277781810667769899 42394515283320304 
11091737103859231916 42358853816614876 
27932457558142207897 79037691783639000 
43889868622655540871 85749468778094400 
96039113926804985180 21858253663984049 
50190220523970786679 47196325068445373 
30006525975754550044 5311877122642665 
47282612515985651800 13273978279585783 
71115023412776766974 31764801260115257 
9183191856339609408 68320436749793881 
69951151013723264893 21717193025569730 
9616324795681215335 9484321640401348 
38127389804680297941 68250880138603061 
22050294171800240600 52119261683268590 
41160498210585318083 11345792231816366 
64781300474094927992 17809682138534848 
14742188463588540446 11871700216666795 
52183244789346061764 41118711669938807 
26801638454540668657 20782081499399214 
82503293053219347332 5298344904862338 
59499767987457015961 16316287654948913 
12728289771898415023 76554218093236046 
59948501297281931877 90586229881652243 
25682828070034914691 51341557016837932 
72173017812334039348 48457823355773419 
35873860036640408846 5721202204314778 
5114493388033402383 24298651006292155 
9836112162474973537 75554737261983874 
92640675484797613291 98753003438089120 
45936536561773204502 95038991035178641 
73790121367135759971 11099156852851562 
3969955483696258709 19419214296180378 
84011696660723013363 51947730308901411 
82943142148667182635 17020402938153714 
68752630280997292029 18146921279360132 
39434082384276381758 89695656894327919 
20633697199355139474 33629211019548586 
62729402526583033402 82983046928685198 
2177219957392649657 35192329811647019 
96327752990682189111 28086816994468457 
26910607336638969728 81097757276951330 
92187300506184484626 44531694098426572 
25600468247694510012 76457101244290624 
10812059922608588569 10578480751357080 
39437106484590096677 1444289592926592 
36266587561912371099 54781992760239641 
24574006250316599379 66253989304948705 
77192674537033280738 84382884818886443 
51041843052429508709 45182250062167613 
59753502374174434676 14592036407284803 
65695301550486191318 26994324854512354 
94055633508022884192 90622618236094467 
1784704031066503965 12572801697522024 
91998097133875204005 16273757804110398 
35596671542953042442 42215958666952015 
91184585120982981609 87926711330202996 
81949344947853240889 79607164984333995 
39081900878671507103 79229854799609341 
19870018942102231294 26329728608670431 
48071980341797743998 1245470067962096 
34520678034915487692 3171303062264375 
65482121545026139576 61834756684099140 
90507098326055806259 79888320557969870 
39176833629763869328 65256587243950546 
48231795642226151946 51280910454204206 
9004493010969369435 32053259425549087 
16846715440972967113 60736973483804767 
33916966036504401887 60141624219988290 
38888267220228626449 86617971880135491 
51619284270107470865 4909116845089831 
92289542737908645367 33585071980853814 
95866972946046137734 61231307513248711 
81859048258097363886 91714824162554670 
95152104670714442474 6251507365738586 
56762174308647883899 54458859448935888 
71481649185400500005 34390860418690840 
3041852645130198778 30511337634537805 
15111635803182417424 37991935416093639 
61743173880116749356 76598300032490241 
78544720035620258027 47101545955676768 
87451502473421379698 67388665685627370 
15349021328125355549 72769898970024106 
13541875741719115964 20567955069890027 
92766750878703102230 12303702639215410 
51116539893134566281 73524548239557791 
29015677217904038299 40963069060777730 
11585713844174218173 76735802760842458 
30979351121547864952 99630451294470881 
85991443282259900117 40711718583213751 
83702590586534931655 17735452390125003 
79814746883028739468 64073073371238785 
42306770467462680201 38951142341548855 
9704374662444771431 82555582878286897 
94464332350139778296 91808513551108636 
93050089493483358253 81050493878236877 
46033319130659037481 52366063317049572 
67162427085634508851 61255241917298958 
36766455247502930472 71757843306191546 
36454783762897076549 24088341718622216 
78394709911548413366 92931969074913855 
10811574337213413356 37287822108924798 
38642688289518168318 77904878929213504 
73064936690428768456 91826770045760351 
38028667449174039842 59245465559363733 
15097504850788366396 43750689273273694 
50643682503086857996 92147740491906544 
86890987961936086383 60714655062197553 
99491823182365813812 6918961000652525 
88709239896376023264 72095519645319256 
49758017002335942103 45268700496343154 
13661931771265044778 12151237679299061 
80565541981488879058 79664888497502302 
22346123090131847680 34050373102784576 
29326906450898220272 99363109328714456 
76059973395726322937 50290741830775561 
49408605872100595373 17482447436746373 
65094753901408057100 4879148225028578 
48178555626841297891 13784348581587081 
97719335178089290304 85215550220887161 
28083322426514847112 62728563205431380 
63960057517822851307 38077371790783334 
22356738272171153208 93206947272705000 
25801341710239655427 7237615689623650 
19788432622509261146 70237235403673543 
38132956363066276584 82222496379192148 
76705306006193636428 43830320409959295 
31982513889722255191 78547220344280982 
30614032812867957460 990380730008704 
41225096051123436482 7367680979531139 
12924596109046447240 30128262351396028 
