22748987880850653180 19167321409406809 
29158386885124487259 14191172096906534 
30095385052249038573 72883360618232553 
65391424867808906873 16954473821756837 
66026631764926209689 98258200003662811 
55089590536046026636 57592070116901123 
28667928228591868915 57343239090020456 
59946008382702631866 48429350767380645 
19049204292856740468 72489770684236362 
46688816709082152455 77150778672970435 
37494924271081159793 55592143157489341 
89714899265749003997 7723577477862450 
33373003087207928617 66826553587674917 
75553456696338025420 57471302445553825 
28643442007881654426 44117155231330523 
58073426707631721585 59457162494670228 
32965525063698148230 45357453083163309 
97951184571026618605 88125170550833413 
5074292671582735702 6816002043260829 
15932898000977396287 28645658404566785 
26987940045580794821 8444050257020182 
72492578621972356666 41096626666423801 
26373965220428089660 17242605307114311 
69792750884241445758 49454806294796447 
37885324373620576569 5822442565102789 
52356768631736453999 71937584313137854 
25753886726751099992 37943456857066866 
27454235652252533328 46900797361079062 
70640013602853729479 20792268382076201 
71308026506916888156 69278539005776695 
19598972127054980306 21429812136333500 
81083796546924261604 90612295682384609 
37006208032899900380 29051236060655636 
49278386190742725595 82245105746369932 
60042073825830650670 91527707433197120 
16940979770996868479 9648726540857051 
15093060308163280424 51636555972418736 
76115905232069897742 73695352053033564 
58931646418742461610 44938081522085066 
42799466372767432515 12588398477552241 
93085272257995886014 82051759904112116 
37705487344080733051 34559248325281460 
54061882723029198299 55878826215006665 
14420840830463889273 46352151654681537 
49974254253669756236 51157186350503329 
59667460608568342625 83643382781995457 
53740890089372034140 98009833812697883 
67646941507354979721 99007166815758989 
98189428242224008759 93521479522554515 
53378236544545549138 42430485743816868 
85398855465624479932 83329004460423829 
46543167512364478604 98490918815644635 
20672944855322974124 79302120093116704 
73538276199764100317 51047147710782379 
95965981459807290336 37124217485848519 
65455812778681562666 51236690932856641 
38153714506121440941 86469176298556503 
78262100986094162108 74554494539270122 
77787244703821193605 35186645628550017 
40811523748045074583 21295162683924839 
90748536569627236775 65538278353511737 
44404582704002293704 54500397951114122 
91501876491833484784 41840221866264449 
61639907324717977173 28427530883205289 
95944082115027584059 37563673464908536 
75529711310018816007 5085904020651336 
64374666297678050904 52838712594679636 
22742317398437686474 65792195545283565 
80948898914052685423 62975500152274013 
86418755594248784004 458931542718995 
88877502503385199564 67166006720878126 
50987432613113579927 57533433905605468 
3589348385346397941 18110584472558697 
70608502122521521416 83868374610676671 
91086826862848868034 58454746196586595 
62372169430902432054 5683100991962409 
85782937930489669235 17283836031957433 
46794288219630135523 96393281016958563 
18811441268618892445 96219655353979980 
52573771264244200547 35460622783525106 
78917467270109096966 5302580185792060 
35169473487731646116 42316063566521372 
88352604908129889604 98025770023617781 
54727318422882386775 14293293221488199 
5750871529289426364 62386437720719159 
86856850185963344430 23754736074433821 
40511386758809491488 38766390849680018 
63202161559273724907 38624651684368363 
21291680429887652603 50823275664491867 
39828840344583804296 63761234546641135 
44239427326821279652 10588069454638074 
4737184429834626863 11497480180034080 
81719575677276743857 57493047839226980 
22028753376599904264 44584045139018757 
50355676607361727416 49549148562265347 
25365145599137428262 44467071789417105 
8147243685981498312 6071957339803536 
62428349128996824799 30906440541545884 
51944659731426128452 66596632568401125 
66262698783059865068 52520325056812159 
95630280231700726154 74434577907901393 
5395396112546866213 34612487803713203 
63601258458664692794 28435715181931430 
53905244943677146673 70893872009729943 
25580918874157490475 60886695147678539 
84345411037983799690 37830324577222357 
76890762267308846085 39546611084048781 
120001921792040167 99776137105718026 
39498980271728934683 42914675693681844 
35129615627311695411 64486244567801840 
20508396579693536024 87472582206940126 
11063047237940519812 14055848569613748 
9288185451246309579 42555622827341337 
38475383680516459312 79996027848295544 
7155595563544446896 75536403882612877 
29511283923790270686 83258546506368509 
31100377727427114105 12451910601727726 
19181085491288567387 914550222513331 
63491193736904280785 79565736830526834 
34339828572855207296 41618263483972558 
63014270667349419301 68611790527250497 
56596405583116296179 13773212289306137 
51049978996946644838 29967490299318711 
53522221654792560069 23806076041627285 
92443153866700061733 86505579878171408 
62239770402250592499 33055148376863158 
72601401939256529717 43884306243487083 
1461607735000675385 65684586094315600 
66984395692320175171 17286082076893513 
52884790540333561246 42819183343197234 
97331711915028752158 20898643033270288 
79846481768029071281 80879707599970043 
83177357284732659980 97731453778806027 
23279762758304720574 15132606555301771 
66899118509560355076 11301734552392819 
12598220295213572125 4912357119971831 
69914780127661298583 28878501675698004 
95965080788163731086 43744888320552116 
28495654695982760982 77210355164560382 
69067532481936213577 83956827691958467 
59238001119529311539 64039844024599478 
26224381064056899594 22714632210260075 
28844389316040976458 90938280117550936 
31411030621961941815 6526541933316152 
19090273440631933944 33917441280372826 
63761014679340843318 96102613954810691 
43351024385160151884 51085634511574905 
68272092086795794943 67531446144962562 
52002195852635300400 91113844278525121 
93802293013289599330 50612402290760451 
31998593653688401961 6694534298498159 
28435495075962711058 89720415699115357 
44289344418615045331 16170946561692846 
76461430327802444335 59962901395475958 
6407132792290835772 5945414453620511 
16042502413688825736 91448435370237910 
63832662433298631801 9900212399371979 
71276093127241856032 56688477489557240 
12656413599467471536 43599758111392461 
14083370026546761937 84282092096001471 
83048072839044556145 32076323643845385 
84193771551810379666 98400083133424340 
45969841515841088107 93850025555370604 
71359526749342746665 47564788744947978 
2080496280595139454 36838666407602388 
8495001008295285838 6542476919823979 
42638076531480178574 28187972595776232 
28406834537652747595 88098747030452556 
41302049842949973433 9156270436471285 
75244624670713238211 77228956925053038 
86474728807289169429 16932054817481817 
34296985134434660891 39679962393702065 
69311804880182955563 82930028395663923 
96990933607353660372 21213728701937808 
42274337155468273066 92729069567338773 
89076909261558066851 9829529750780744 
79317051557956542656 18610848582742635 
22302735205069020144 58521157672786799 
39782298897738457833 44877986394809507 
85900289212732090016 52905212973729393 
6263173673157756455 17638242480645725 
93293043886024427977 56643248939601656 
85457193547246161474 32170793259379175 
54531871527684695732 64658512980342680 
82966094006629434254 31033534399795387 
47842937618080625879 45875315450318086 
5330561781195528296 77917977924652357 
98727760695447397044 87254720382908040 
11863497354713098105 83655020074013168 
51813972599291950129 6117081113555057 
91326750626001069889 95273398121981155 
526729966270943814 90837862257723299 
89725727652108076434 57934664698297720 
17018421880295486755 54271316788536967 
82273528167959351084 40323607502532427 
63807964627995618616 64471377723072697 
79723025672497285988 71007573188961266 
43311299052273225450 51372550060522397 
64581816416121667833 10554051025765878 
80670967498548463814 9857327998537843 
78756789217029394295 86381260648805234 
28967187882619792285 46482378449130825 
99170216410172311661 86656281017628517 
40624445329693293872 99075742225027228 
4324536403305657958 9469216282792106 
27529717309154086749 67952728192346152 
48216936794114693613 1486676172435855 
63066348373862260923 42006250897033680 
84968339101042426540 44445279827150344 
41081286440368632127 36791136353148331 
93596090998082493397 45461685341593086 
47845962922070974428 20100151517998964 
89459036833582674070 92755660950917899 
50223062346827409850 93733009109571413 
1792025451922934594 11277655410131165 
14733044896267075372 45630226400487974 
78320980055597834692 46940981397182598 
41120105786274908020 60494467542124160 
72485744721953989482 77408496319754782 
35752649564314245735 68264045653817514 
83314156350010700602 17932375428025738 
27969887312917251405 76872808103906889 
19169447591651098282 52717832141059521 
46477904921073789657 82660632698196581 
15225322470386175735 27696018539144793 
41132494843498426151 4769717098599488 
68933317347686033521 18415208858911814 
74326548687325397229 28987505466695490 
70695964841362843213 74157377810516439 
16766529828799049060 21102422707225427 
35919654107790488342 82696438047069130 
89234229491647672232 38939948197391614 
87925280994251701867 86736664217060160 
56954527293625175773 73671033169121351 
90768764920424049717 28248056565206960 
77259026152752850148 32989376577370129 
32632199169991182581 73712230788535220 
70231655444132464781 19320260472618758 
3452461059093462690 92516177086181838 
99292171959409978751 96120863243038952 
48920726148681046793 50297955265115044 
54151399305737126315 81411410485101449 
17104380167984547919 24093441215482513 
11642001407974345347 97804902711656914 
51677648275903625680 11541838144782833 
72829160918694987149 51492347739825509 
36860024086933607282 60886225674259116 
39758769819457195661 44220559282518138 
99250483295739095546 69696402761914067 
63479848619981489335 47657620469274551 
1982287034018952817 20286147920075664 
23146277883215707172 31216014130875774 
49001697948178984431 81986505566650401 
79182817654697283744 54619952367222521 
49285234501139222644 92836649078246907 
93330804646961446356 94760330583272621 
6900162009759544964 53063657409725922 
33768711206220259103 13540290922545451 
14620766215316927282 15313463559982128 
776830385680718681 36316999178217003 
55294843199977755802 18761938088578558 
77127918000356630044 11226889859535813 
62674347121678232642 86885389812042926 
19783811595988395755 55394116797077423 
65748830637222190135 71489869597173633 
37405704023336067856 19985158981995855 
48404804088594674658 43421488690428293 
39937007149025681320 45243219852568322 
5741708385069881202 64479845650007233 
83027216368732706428 21250976385312902 
96498966478042938024 3776746835687409 
639660722034475327 3349862676573945 
70968146717960896274 59674194022201375 
541918944042815196 28648817051681586 
45033877266550314534 49221412239673151 
1490111606432251826 85804847334125895 
65078291835669942557 92228415044095824 
96911343960966211004 30243854857217992 
83936364281036356653 51266591252473042 
6624052916016672469 60266636715738318 
24441315530253196722 43137283972082849 
58381013588523686585 8497844622807857 
80207041857349695250 33538235822947516 
53016396807635595438 12659504898462569 
99080596143004247496 41761483286733474 
70850035415566866827 23865284475707730 
15783264450401497786 56043279789835445 
77057909848223374377 79876248211130944 
88584272827990636150 52949200409881481 
40871066558710962637 28652673825159887 
24617510143434786840 43454179185417418 
55357436001191498783 36821958753040281 
28781036730618070675 21467526237418043 
35288617546928978191 62276916470704670 
75084431665144635934 45242229929774486 
75593986736602771692 94740657517228424 
77711708874368871092 43873795481562680 
66419509958892422425 94502501610857325 
7663983470541315934 83867215947925588 
82891747072485646691 84607619300729030 
21899201319875156677 58545052828331858 
32864593667625281356 57244895843667010 
68572047017820789533 66805004343911949 
68420667318522200661 10202503535037070 
85657575527766910967 65890933623870495 
89768890901133659640 32128981133078016 
48699360067300998445 45884524545125750 
62252656945515672406 63115597328864957 
56000164581577543175 77231042358615307 
48288901404478084631 73649431970848516 
22164778242315349036 34471037883370365 
553363468633214840 30685966584054410 
224493726615646831 32734212104281782 
76029630946051929043 37434470663660095 
64161982383333068649 8282083491662026 
35830185883238249409 15911646839335605 
70958489797486533639 34169142078752718 
41411161709597687467 81336820704302329 
93252532316555785762 31079261865893058 
43638740522907442282 94110566796800530 
56256264296618244735 67052928569304371 
33189539633874346210 12355289993752069 
66142170255898305171 80212945754750308 
14077045793620188841 27269591160875945 
84056758485328337103 55879882472794539 
79509239725600594414 97060303616826197 
63164284635731773078 81252656677837198 
55958894881660864316 55924532121316268 
28757105013769076853 89680025115230088 
69101534319360758218 1822746326300042 
44130502830846678124 26952472198134158 
81865462454804352765 47188482561512142 
18390659221356709986 57163400705419003 
42428866151728799596 18338033437090059 
85887281639730883913 52444321862530684 
48805991513852957602 41429509089525763 
27855627861236309119 72696889121886610 
68559780054223248180 75714116024613471 
40769622236736872478 15613406618888571 
17495914486422392372 47771608877740008 
44105215926585189734 15335899764612102 
26545973717418379586 49400931051086224 
84744602324530613278 90068366916719412 
11562655045526439876 74833648807380959 
47593394292690070326 36690235700010693 
13921824028210216213 39273558010486861 
66786983383625155712 4131584653294019 
8119196905535519289 70968370279702750 
46449788431704579893 46937497295233538 
27527071077694272624 29121981881319292 
15738066441528404319 69466947154698396 
72332639288278557698 52146134142854922 
83902800590915375715 27038959245411814 
8092221685904838627 86808126525029104 
95345873189919243915 88492018996603704 
57961559298224076517 76873583770207969 
31051970684778479895 70137128225144987 
24075012840507645242 23938093877377049 
55747067375596615598 4611860370763447 
11436004846005819555 86238100659438937 
40937421234636066826 59997342324881583 
12858429124498500171 72737701089554643 
98126504284859259998 62153837483797480 
64503463059075103538 47524169320841047 
97270001603472679415 93352371586721593 
54260780599954537065 16987505515124700 
72641640636049150367 93363566726766559 
49413700367893073701 58677078999681528 
23487245067511672477 61972131703102616 
25111613101830568482 41276322440335433 
32276221711768622906 73618257948741333 
55736297449599573410 29179747528425521 
77430043301961435126 7384246735812935 
81614889508014144524 65017254192612173 
76067695005656966108 86803687935926985 
82302291177501710973 66588262588715809 
97722442527766104430 33611086561452345 
66283956622832209894 21203292576891320 
11897341078899898134 75109428319416836 
77823254092004602019 90783991641346554 
38714806140854881177 47350060598298258 
15662190684226328373 1112784876819904 
96362096529896436719 50017690015793493 
97557216414213116299 7226601788753700 
18536114154015401350 41284028590912607 
17110352580322343886 76917418023096776 
17452184859811550641 35090214882704766 
5467669110296318627 89252326123959957 
55754523679408585251 34298619356651484 
28296089958865121206 60874276323675765 
38618462020532189353 84890465954819616 
90513221934225071252 41103257934249840 
93952121653211149036 1832270333937476 
2538382187624095154 73574455270196629 
81208549505665559673 4368707742819061 
3029725840190033435 96593976786076779 
30532297682936708008 92915974005038975 
5989073943288467853 14637567029128358 
85165009362676293913 29692336869119290 
66797825675168247006 20381129510606853 
35875411314842944291 73282031967381442 
3544419131691186031 28438991523800192 
97456117616997748288 74657612832809761 
942527450435926558 48612236187876270 
37812126130052508586 64425595459748644 
45515148294655993015 30325827788578633 
71654149345739812015 75336568804387141 
54331010808801986848 60720436326353425 
27963103257264042060 35003045089180423 
2832412491386554946 29047337231425175 
95167283633030567872 12794259651275123 
54320605612235389876 25029011538079439 
59816155714198224274 38508630199635969 
95963914502606740438 95974203627560447 
70674760749345486747 40941087247189663 
917670763197230840 42068364099605500 
95916007997316886987 33119864592155984 
19154570839995942061 89573641688465013 
6410152562392918933 37125520443521376 
85756859483595684034 19208261148693119 
23813154083030796127 9685446329137827 
47450641335118042239 12068712000710171 
83963401310942992801 47810722618645264 
69615951482159293215 60477734166854745 
96400067940307739662 9612438391121246 
95923015202351787427 2996363335103441 
1744684712849381994 48788787940015613 
20302136977747594073 3352466744643632 
62569898396721418817 32649646351722120 
86041243609431981295 13139920305431274 
25019347774988951464 8275907835007951 
34094253428052644445 64704704479820462 
51594987198460082181 26307643487715058 
27913590164277913026 97560610591914730 
5576227263488562870 61048832045714322 
86675115991516328426 22158091771829516 
77250847295333610006 50941155168719430 
16623677121395515580 62028736623235242 
5001956124467623179 62567459396710823 
55931257457568074050 30035931012655585 
90984880266507818522 26632927295213476 
37746003403398735611 10844958060976255 
24633111651815302598 47647132413407240 
38032484931632936966 22530437505890144 
91841759924689001240 96721808398509677 
76220255237955141315 17015647924167878 
67806614999139794903 74150440766536341 
46792068008428840495 42927314793507126 
55128361558430150752 13250397818259225 
4146856375509386465 65946910722180567 
46908528414947650043 17953199252114663 
32173371172273822402 93324747687984081 
4035087142902479190 69376048492414213 
67285595275899064236 49842832031811973 
21344242567339151723 62941999899571731 
45111308836328493840 99054743023095811 
90546565367194297815 25302913195736140 
32510365830485863123 79950831856895628 
30141867784625947461 63083002804970158 
23250175775875900226 55020054045818631 
90440672293688696164 24689589275958482 
41334702510188483815 80084649072472776 
6462181059508309480 6087035187991021 
60120213392957894267 77057404243996227 
38969938207044245005 6353066484161475 
54854495564592408057 86015248520877331 
58878319881375426827 79549279878002553 
41700961359790298807 13796142277430584 
28317032881058989971 83261729616762564 
62171466840829715680 89102122909821947 
22847071019659421904 52949376385922500 
3577738752154601328 59606079414737209 
15727936655654507300 77003105981415160 
21414226333418091712 13131342379641045 
13431388015961949016 22868357275868801 
3758782741749966833 63584053425465034 
39527804401229368282 87712472000918275 
29896218020687500683 46399874915057814 
32662422926952865744 43154015707877777 
60961835337079635495 46545269920135646 
8384259873468082315 16411733644484723 
3261793145683625834 68230826226605220 
18542489484220814303 90871040154333996 
41231014453472953835 63705760420851688 
25032721270981292233 91972395816349562 
42092301707956862764 75007587160429223 
14408565747553002086 61720898001248520 
41039243030549274055 13305377537377999 
66082222473801679690 55785268271337822 
69616429898556051904 36703301277320443 
49068857352748512351 44219524580481247 
38204703470967131243 20353747625934225 
43201818730713154646 81804949291573942 
62449958474261511499 56795555714273204 
57170901935051511029 49422885204030661 
39978265492899154155 64760489356457624 
1324242810126097910 6041224429945966 
84378718275890617059 419162666024551 
65976178647580366647 74650078874666755 
32816574322226362318 94305918120521397 
